procs -----------memory---------- ---swap-- -----io---- -system-- ------cpu----- -----timestamp-----
 r  b   swpd   free   buff  cache   si   so    bi    bo   in   cs us sy id wa st                 UTC
 0  0      0 12961584  96052 2566376    0    0    24   190  731  732  9  1 89  0  0 2026-09-22 09:20:06
 0  0      0 12942740  96052 2564832    0    0     0     0 2600 2534  2  1 97  0  0 2026-09-22 09:20:07
 0  0      0 12942740  96052 2564832    0    0     0     0   40   56  0  0 100  0  0 2026-09-22 09:20:08
 0  0      0 12942740  96052 2564832    0    0     0     0   72   60  0  0 100  0  0 2026-09-22 09:20:09
 0  0      0 12938204  96052 2564832    0    0     0     0 2075 2844  0  0 99  0  0 2026-09-22 09:20:10
 0  0      0 12937448  96052 2564832    0    0     0     4   87   64  0  0 100  0  0 2026-09-22 09:20:11
 0  0      0 12935432  96052 2564832    0    0     0    80 1238 1762  0  0 100  0  0 2026-09-22 09:20:12
 0  0      0 12935432  96052 2564832    0    0     0     8   41   41  0  0 100  0  0 2026-09-22 09:20:13
 1  0      0 12920312  96052 2564832    0    0     0     0 6128 7647  3  1 97  0  0 2026-09-22 09:20:14
 2  0      0 12880632  96052 2564840    0    0     0     0 58895 58965 31  5 63  0  0 2026-09-22 09:20:15
 2  0      0 12860528  96052 2564756    0    0     0     0 55887 57164 31  4 64  0  0 2026-09-22 09:20:16
 3  0      0 12842384  96052 2564768    0    0     0    60 59408 59976 35  6 59  0  0 2026-09-22 09:20:17
 2  0      0 12817356  96052 2565060    0    0     0    24 60511 58977 37  5 58  0  0 2026-09-22 09:20:18
 9  0      0 12795124  96052 2565348    0    0     0     0 62711 62629 36  6 58  0  0 2026-09-22 09:20:19
 2  0      0 12782804  96052 2565372    0    0     0    72 59793 59263 36  6 58  0  0 2026-09-22 09:20:20
 4  0      0 12770232  96052 2565392    0    0     0     0 62516 62337 34  4 61  0  0 2026-09-22 09:20:21
 2  0      0 12758640  96052 2565520    0    0     0     0 60837 59382 37  4 59  0  0 2026-09-22 09:20:22
 3  0      0 12756404  96056 2565544    0    0     0    24 61524 60455 37  4 59  0  0 2026-09-22 09:20:23
 5  0      0 12754388  96056 2565556    0    0     0     0 59591 59262 33  4 62  0  0 2026-09-22 09:20:24
 3  0      0 12750160  96056 2565576    0    0     0    76 61437 60415 35  5 60  0  0 2026-09-22 09:20:25
 3  0      0 12740692  96056 2565584    0    0     0     0 61529 57904 37  5 58  0  0 2026-09-22 09:20:26
procs -----------memory---------- ---swap-- -----io---- -system-- ------cpu----- -----timestamp-----
 r  b   swpd   free   buff  cache   si   so    bi    bo   in   cs us sy id wa st                 UTC
 1  0      0 12736996  96056 2565600    0    0     0     0 60606 57157 36  6 59  0  0 2026-09-22 09:20:27
 2  0      0 12728464  96056 2565616    0    0     0    24 61229 57263 35  5 59  0  0 2026-09-22 09:20:28
 1  0      0 12727740  96056 2565628    0    0     0     0 60637 55738 34  5 61  0  0 2026-09-22 09:20:29
 4  0      0 12718416  96056 2565640    0    0     0    72 61743 56075 36  6 58  0  0 2026-09-22 09:20:30
 1  0      0 12717912  96056 2565696    0    0     0     0 60606 55778 35  6 59  0  0 2026-09-22 09:20:31
 2  0      0 12715896  96056 2565720    0    0     0   972 56197 52738 32  6 62  0  0 2026-09-22 09:20:32
 1  0      0 12714632  96056 2565732    0    0     0    48 60200 55583 38  6 56  0  0 2026-09-22 09:20:33
 4  0      0 12705560  96056 2565752    0    0     0     0 60962 55269 36  5 58  0  0 2026-09-22 09:20:34
 2  0      0 12694276  96056 2565788    0    0     0   116 62024 55968 38  6 57  0  0 2026-09-22 09:20:35
 2  0      0 12694276  96056 2565820    0    0     0     0 61720 56478 37  6 57  0  0 2026-09-22 09:20:36
 3  0      0 12693548  96056 2565856    0    0     0   636 60596 54994 37  6 58  0  0 2026-09-22 09:20:37
 2  0      0 12692568  96060 2565892    0    0     0    36 61632 56815 37  6 57  0  0 2026-09-22 09:20:38
 2  0      0 12687588  96060 2565928    0    0     0     0 61567 56328 37  6 57  0  0 2026-09-22 09:20:39
 8  0      0 12687084  96060 2565964    0    0     0   184 62379 58165 33  7 60  0  0 2026-09-22 09:20:40
 4  0      0 12684568  96060 2566012    0    0     0     0 61443 57227 35  7 58  0  0 2026-09-22 09:20:41
 1  0      0 12684120  96060 2566048    0    0     0     0 61077 56203 36  6 58  0  0 2026-09-22 09:20:42
 3  0      0 12683644  96060 2566076    0    0     0    24 60831 54814 37  6 57  0  0 2026-09-22 09:20:43
 9  0      0 12682632  96060 2566104    0    0     0     0 60690 56556 34  7 59  0  0 2026-09-22 09:20:44
 2  0      0 12682632  96060 2566140    0    0     0   176 61257 56963 35  5 59  0  0 2026-09-22 09:20:45
 7  0      0 12682636  96060 2566176    0    0     0     0 60842 55117 36  6 59  0  0 2026-09-22 09:20:46
 8  0      0 12682160  96060 2566212    0    0     0     0 60658 55033 36  5 58  0  0 2026-09-22 09:20:47
procs -----------memory---------- ---swap-- -----io---- -system-- ------cpu----- -----timestamp-----
 r  b   swpd   free   buff  cache   si   so    bi    bo   in   cs us sy id wa st                 UTC
 2  0      0 12680984  96064 2566232    0    0     0    72 60685 55674 36  5 59  0  0 2026-09-22 09:20:48
 8  0      0 12680984  96064 2566268    0    0     0     0 60637 56267 36  6 58  0  0 2026-09-22 09:20:49
 1  0      0 12680540  96064 2566300    0    0     0   172 61779 56712 36  5 59  0  0 2026-09-22 09:20:50
 4  0      0 12680064  96064 2566336    0    0     0     0 61891 55740 37  6 57  0  0 2026-09-22 09:20:51
 2  0      0 12676592  96064 2566368    0    0     0     0 59900 53179 37  5 58  0  0 2026-09-22 09:20:52
 2  0      0 12675416  96064 2566400    0    0     0    24 60261 54217 38  5 57  0  0 2026-09-22 09:20:53
 1  0      0 12674660  96064 2566436    0    0     0     0 60239 54501 37  6 57  0  0 2026-09-22 09:20:54
 8  0      0 12671636  96064 2566468    0    0     0   176 61752 56012 36  5 59  0  0 2026-09-22 09:20:55
 3  0      0 12670124  96064 2566496    0    0     0     0 62356 57438 37  5 58  0  0 2026-09-22 09:20:56
 1  0      0 12669872  96064 2566528    0    0     0     0 60779 54778 38  5 57  0  0 2026-09-22 09:20:57
 4  0      0 12669872  96064 2566564    0    0     0    24 60575 54780 34  6 59  0  0 2026-09-22 09:20:58
 2  0      0 12669872  96064 2566596    0    0     0     0 61726 54880 37  5 58  0  0 2026-09-22 09:20:59
 3  0      0 12669368  96064 2566628    0    0     0     0 60369 54726 35  5 60  0  0 2026-09-22 09:21:00
 2  0      0 12668640  96064 2566668    0    0     0   176 61022 56503 33  6 61  0  0 2026-09-22 09:21:01
 6  0      0 12667660  96064 2566708    0    0     0     0 61225 55583 35  6 59  0  0 2026-09-22 09:21:02
 1  0      0 12666960  96068 2566744    0    0     0    48 62070 56346 37  5 58  0  0 2026-09-22 09:21:03
 8  0      0 12666960  96068 2566768    0    0     0     0 61787 56352 36  5 59  0  0 2026-09-22 09:21:04
 3  0      0 12666232  96068 2566800    0    0     0     0 61680 54904 37  6 58  0  0 2026-09-22 09:21:05
 1  0      0 12664468  96068 2566832    0    0     0   172 62289 57746 36  5 59  0  0 2026-09-22 09:21:06
 3  0      0 12664244  96068 2566880    0    0     0   176 63525 59614 38  5 56  0  0 2026-09-22 09:21:07
 2  0      0 12664244  96068 2566912    0    0     0    32 65042 61756 38  7 55  0  0 2026-09-22 09:21:08
procs -----------memory---------- ---swap-- -----io---- -system-- ------cpu----- -----timestamp-----
 r  b   swpd   free   buff  cache   si   so    bi    bo   in   cs us sy id wa st                 UTC
 2  0      0 12663236  96068 2566952    0    0     0     0 63996 60497 38  6 57  0  0 2026-09-22 09:21:09
 2  0      0 12663236  96068 2566984    0    0     0     0 63663 59584 38  6 56  0  0 2026-09-22 09:21:10
 3  0      0 12663012  96068 2567036    0    0     0   200 63858 60359 38  5 57  0  0 2026-09-22 09:21:11
 3  0      0 12662760  96068 2567068    0    0     0     0 62274 57759 38  6 55  0  0 2026-09-22 09:21:12
 5  0      0 12662760  96068 2567112    0    0     0    28 65143 61954 37  6 57  0  0 2026-09-22 09:21:13
 5  0      0 12664060  96068 2567152    0    0     0     0 56810 55510 38  7 55  0  0 2026-09-22 09:21:14
 0  0      0 12957284  96068 2566624    0    0     0   188 8907 9425 21  3 76  0  0 2026-09-22 09:21:15
