procs -----------memory---------- ---swap-- -----io---- -system-- ------cpu----- -----timestamp-----
 r  b   swpd   free   buff  cache   si   so    bi    bo   in   cs us sy id wa st                 UTC
 1  0      0 2034136  50500 1238656    0    0   104   240  116  179  1  1 98  1  0 2026-09-22 09:00:06
 0  0      0 2034136  50656 1238024    0    0     0  4408  659 1241  0  1 95  5  0 2026-09-22 09:00:07
 0  0      0 2034136  51840 1238188    0    0    96 12740 4167 7807  5  2 68 26  0 2026-09-22 09:00:08
 1  0      0 2001124  52556 1245608    0    0     0 17168 13960 20022 16  6 62 16  0 2026-09-22 09:00:09
 0  0      0 1992556  53736 1255916    0    0     0 31752 4240 8747 17  2 53 27  1 2026-09-22 09:00:10
 1  0      0 1988048  53824 1257676    0    0   308  6124 12030 11407 18  5 72  6  0 2026-09-22 09:00:11
 0  0      0 1987544  53876 1258128    0    0     0   520 3949 3490  8  2 90  1  0 2026-09-22 09:00:12
 0  0      0 1987544  53876 1258128    0    0     0     0  227  391  0  0 100  0  0 2026-09-22 09:00:13
 1  0      0 1987544  54192 1258060    0    0     0  7360 1780 2756  1  1 89  8  0 2026-09-22 09:00:14
 1  0      0 1989308  54216 1256504    0    0     0   100  396  666  0  1 99  1  0 2026-09-22 09:00:15
 1  2      0 1989308  54472 1256448    0    0     0  7252 5062 5438  6  4 83  7  0 2026-09-22 09:00:16
 4  0      0 1954308  54764 1261952    0    0     0 12356 26462 22836 58 17 22  4  0 2026-09-22 09:00:17
12  0      0 1944732  54776 1266668    0    0     0  1376 27122 23232 55 17 27  1  0 2026-09-22 09:00:18
12  0      0 1936160  54808 1272076    0    0     0  3520 28508 24116 55 20 24  0  0 2026-09-22 09:00:19
11  0      0 1929600  54840 1276576    0    0     0  1100 29523 24683 57 21 22  1  0 2026-09-22 09:00:20
 4  0      0 1922572  54888 1281216    0    0     0  3368 29449 24510 61 20 18  1  0 2026-09-22 09:00:21
13  0      0 1915516  54976 1286500    0    0     0  4436 30144 24989 59 20 20  0  0 2026-09-22 09:00:22
 9  0      0 1908964  55032 1291692    0    0     0  2512 29972 24666 61 20 19  0  0 2026-09-22 09:00:23
 8  0      0 1903164  55100 1296860    0    0     0  4104 30374 25516 63 15 21  1  0 2026-09-22 09:00:24
 2  0      0 1896360  55140 1301924    0    0     0  3180 30004 24764 58 21 21  1  0 2026-09-22 09:00:25
 3  0      0 1889048  55184 1307364    0    0     0  4344 29798 24531 62 20 19  0  0 2026-09-22 09:00:26
procs -----------memory---------- ---swap-- -----io---- -system-- ------cpu----- -----timestamp-----
 r  b   swpd   free   buff  cache   si   so    bi    bo   in   cs us sy id wa st                 UTC
 8  0      0 1882244  55240 1312792    0    0     0  3116 30720 25449 56 23 21  0  0 2026-09-22 09:00:27
 6  0      0 1874932  55312 1318580    0    0     0  3452 30905 25532 55 23 21  1  0 2026-09-22 09:00:28
 2  0      0 1868624  55392 1323548    0    0     0 55804 30354 25230 58 22 19  2  0 2026-09-22 09:00:29
 3  0      0 1862312  55440 1328480    0    0     0  1688 30225 24975 60 19 20  0  0 2026-09-22 09:00:30
 8  0      0 1857268  55472 1333032    0    0     0  1484 29722 24606 59 22 19  0  0 2026-09-22 09:00:31
 3  0      0 1851468  55536 1337920    0    0     0  3668 30238 25021 62 20 18  0  0 2026-09-22 09:00:32
 8  0      0 1845660  55592 1342756    0    0     0  2644 30285 24976 62 18 20  1  1 2026-09-22 09:00:33
15  0      0 1839380  55640 1347676    0    0     0  1700 29356 24111 61 21 18  0  0 2026-09-22 09:00:34
 2  0      0 1832316  55736 1352776    0    0     0 11504 29204 23846 65 20 15  1  0 2026-09-22 09:00:35
 4  0      0 1825508  55780 1357848    0    0     0  2616 29753 24372 64 16 19  1  0 2026-09-22 09:00:36
 2  0      0 1819712  55804 1362588    0    0     0  1720 30977 25807 61 19 20  0  0 2026-09-22 09:00:37
 7  0      0 1813160  55868 1367460    0    0     0  2344 29755 24423 60 20 20  0  0 2026-09-22 09:00:38
10  0      0 1807888  55892 1372048    0    0     0  1292 29707 24640 66 14 20  0  0 2026-09-22 09:00:39
 8  0      0 1801340  55932 1377256    0    0     0  2360 29981 24878 64 17 19  0  0 2026-09-22 09:00:40
 0  0      0 1795796  55964 1381964    0    0     0  1372 29888 24877 59 21 20  0  0 2026-09-22 09:00:41
 5  0      0 1790252  56012 1386700    0    0     0  2292 29881 24390 62 21 17  0  0 2026-09-22 09:00:42
 6  0      0 1784708  56040 1391552    0    0     0  1500 30021 24887 57 23 20  1  0 2026-09-22 09:00:43
 5  0      0 1779160  56084 1396560    0    0     0  2168 29844 24633 63 19 17  1  0 2026-09-22 09:00:44
 1  0      0 1773616  56100 1401096    0    0     0  1220 29217 23866 66 18 16  0  0 2026-09-22 09:00:45
 6  0      0 1766056  56124 1406680    0    0     0  3824 28232 23467 60 21 19  0  0 2026-09-22 09:00:46
 2  0      0 1759756  56196 1411620    0    0     0  3576 29154 24370 65 18 16  0  0 2026-09-22 09:00:47
procs -----------memory---------- ---swap-- -----io---- -system-- ------cpu----- -----timestamp-----
 r  b   swpd   free   buff  cache   si   so    bi    bo   in   cs us sy id wa st                 UTC
 1  0      0 1753708  56232 1416604    0    0     0  2408 28968 24066 67 19 14  1  0 2026-09-22 09:00:48
 4  0      0 1747404  56300 1421628    0    0     0  4652 29382 24210 66 16 16  1  0 2026-09-22 09:00:49
 3  0      0 1741860  56332 1426192    0    0     0  1472 29567 24577 60 22 18  1  0 2026-09-22 09:00:50
 3  0      0 1736812  56404 1430816    0    0     0  4144 30498 25508 57 20 22  1  0 2026-09-22 09:00:51
 6  0      0 1731268  56488 1435864    0    0     0  3272 29917 25057 59 20 20  1  0 2026-09-22 09:00:52
 2  0      0 1725216  56512 1440808    0    0     0  2516 29406 24332 62 19 19  0  1 2026-09-22 09:00:53
 7  0      0 1719920  56528 1445592    0    0     0  1320 29265 24030 67 17 16  1  0 2026-09-22 09:00:54
 2  0      0 1714628  56572 1450352    0    0     0  1776 29311 24424 62 19 19  0  0 2026-09-22 09:00:55
 1  0      0 1709836  56584 1454660    0    0     0  1048 29727 24495 58 25 17  0  0 2026-09-22 09:00:56
 1  0      0 1703288  56616 1459668    0    0     0  5760 29129 24283 60 21 18  1  0 2026-09-22 09:00:57
 3  0      0 1697736  56640 1464724    0    0     0  2016 29753 24886 63 19 18  0  0 2026-09-22 09:00:58
 0  0      0 1691944  56684 1469392    0    0     0 119476 28937 23910 64 20 15  1  0 2026-09-22 09:00:59
 4  0      0 1686140  56780 1474288    0    0     0  4832 29463 24932 66 18 16  0  0 2026-09-22 09:01:00
 6  0      0 1681100  56812 1478716    0    0     0  2180 29158 23945 64 20 17  0  0 2026-09-22 09:01:01
 1  0      0 1676064  56884 1482980    0    0     0  3408 29461 24710 62 20 18  0  0 2026-09-22 09:01:02
 2  0      0 1670268  56964 1487780    0    0     0  7240 29923 25181 58 23 19  0  0 2026-09-22 09:01:03
 0  0      0 1665220  57032 1492152    0    0     0  3484 30080 24713 63 19 18  1  0 2026-09-22 09:01:04
 1  0      0 1660428  57088 1496428    0    0     0  2864 29365 24367 63 19 18  0  0 2026-09-22 09:01:05
 0  0      0 1654884  57288 1500888    0    0     0 18912 29802 25126 59 18 22  2  0 2026-09-22 09:01:06
 0  0      0 1650344  57360 1504908    0    0     0  2916 29822 24665 61 16 21  2  0 2026-09-22 09:01:07
 4  0      0 1645556  57440 1509060    0    0     0  2876 30262 25192 57 21 22  0  0 2026-09-22 09:01:08
procs -----------memory---------- ---swap-- -----io---- -system-- ------cpu----- -----timestamp-----
 r  b   swpd   free   buff  cache   si   so    bi    bo   in   cs us sy id wa st                 UTC
 3  0      0 1640012  57512 1513760    0    0     0  3996 30605 25405 56 21 23  1  0 2026-09-22 09:01:09
 1  0      0 1633964  57568 1518616    0    0     0  6932 30483 25270 57 20 21  2  0 2026-09-22 09:01:10
 4  0      0 1628924  57644 1522952    0    0     0  3172 29854 24933 61 20 19  1  0 2026-09-22 09:01:11
 0  0      0 1623132  57656 1527456    0    0     0  1572 28850 23776 64 15 21  0  0 2026-09-22 09:01:12
 1  0      0 1617340  57712 1532156    0    0     0  3020 29637 24884 58 17 23  1  1 2026-09-22 09:01:13
 4  0      0 1611800  57788 1537000    0    0     0  3156 29210 24074 63 19 18  0  0 2026-09-22 09:01:14
 3  0      0 1606504  57856 1541740    0    0     0  4348 30001 25052 56 21 22  1  0 2026-09-22 09:01:15
 0  0      0 1600988  57948 1546344    0    0     0  7536 28393 23754 53 18 27  2  0 2026-09-22 09:01:16
 0  0      0 1600988  58000 1546332    0    0     0  2080  492  839  0  1 98  2  0 2026-09-22 09:01:17
 1  0      0 1570020  58028 1546332    0    0     0   604 1231 2554 13  8 78  0  0 2026-09-22 09:01:18
