procs -----------memory---------- ---swap-- -----io---- -system-- ------cpu----- -----timestamp-----
 r  b   swpd   free   buff  cache   si   so    bi    bo   in   cs us sy id wa st                 UTC
 1  0      0 2327992  77000 565700    0    0   152  1286 3651 4150 20  5 74  2  0 2026-09-22 10:20:44
 0  0      0 2327992  77008 565712    0    0     0   104  346  551  0  0 100  1  0 2026-09-22 10:20:45
 2  0      0 2327992  77112 565892    0    0     0  6948 3139 5936  4  1 75 21  0 2026-09-22 10:20:46
 0  0      0 2312620  77160 572828    0    0     0 15316 13994 21175 16  5 64 16  0 2026-09-22 10:20:47
 0  1      0 2276332  77192 583168    0    0     0 36320 4247 8800 19  3 50 28  0 2026-09-22 10:20:48
 0  0      0 2275184  77196 583460    0    0     0  6040 2221 2106  3  1 95  1  0 2026-09-22 10:20:49
 0  0      0 2275184  77196 583460    0    0     0  3280  516  900  0  0 97  2  0 2026-09-22 10:20:50
 1  0      0 2275184  77208 583480    0    0     0  6988 1262 2110  0  1 91  8  0 2026-09-22 10:20:51
 1  0      0 2275184  77208 583480    0    0     0   544  313  529  0  0 99  0  0 2026-09-22 10:20:52
 1  0      0 2274176  77232 584808    0    0     0  9300 12273 14708 21  9 64  6  0 2026-09-22 10:20:53
 3  0      0 2272664  77256 587492    0    0     0  2872 20687 24094 34 13 51  2  0 2026-09-22 10:20:54
 8  0      0 2271152  77268 590376    0    0     0  3148 21736 25333 39 13 45  3  0 2026-09-22 10:20:55
10  1      0 2269388  77288 592792    0    0     0  9400 21634 25349 72 11 17  1  0 2026-09-22 10:20:56
12  0      0 2267876  77308 595436    0    0     0 12484 23257 28861 73 13 12  2  0 2026-09-22 10:20:57
10  0      0 2266112  77316 597964    0    0     0  1220 23048 26489 80 11 10  0  0 2026-09-22 10:20:58
11  0      0 2264596  77320 600356    0    0     0  1332 22716 26384 76 13 10  0  0 2026-09-22 10:20:59
10  0      0 2263084  77348 602968    0    0     0  1484 22870 26470 77 13 10  0  0 2026-09-22 10:21:00
 9  0      0 2261572  77360 605672    0    0     0  1388 23702 28308 77 12 11  1  0 2026-09-22 10:21:01
11  0      0 2259556  77360 608268    0    0     0  1420 23154 27923 75 13 12  1  0 2026-09-22 10:21:02
11  0      0 2258296  77376 610708    0    0     0  1376 22531 26317 76 13 10  0  0 2026-09-22 10:21:03
14  0      0 2257036  77376 613112    0    0     0 32548 21605 25003 72 12  9  6  0 2026-09-22 10:21:04
procs -----------memory---------- ---swap-- -----io---- -system-- ------cpu----- -----timestamp-----
 r  b   swpd   free   buff  cache   si   so    bi    bo   in   cs us sy id wa st                 UTC
13  0      0 2255020  77380 615632    0    0     0  4252 22508 26079 77 13 10  0  0 2026-09-22 10:21:05
 8  0      0 2253000  77388 617988    0    0     0  3316 21887 24485 77 11 13  0  0 2026-09-22 10:21:06
11  0      0 2249976  77392 620284    0    0     0  1108 21455 25174 72 13 15  0  0 2026-09-22 10:21:07
15  0      0 2247708  77392 622396    0    0     0  1088 21190 24472 75 11 15  0  0 2026-09-22 10:21:08
10  0      0 2245440  77392 624372    0    0     0  1032 20580 23793 74 10 16  0  0 2026-09-22 10:21:09
14  0      0 2243420  77400 626312    0    0     0  3208 21249 23442 76 11 13  1  0 2026-09-22 10:21:10
 8  0      0 2240900  77416 628220    0    0     0  2160 20721 23981 73 12 15  0  0 2026-09-22 10:21:11
12  0      0 2238632  77416 630312    0    0     0  1128 20753 23302 78  8 15  0  0 2026-09-22 10:21:12
12  0      0 2236616  77416 632260    0    0     0  1124 20447 23242 77 10 14  0  0 2026-09-22 10:21:13
 8  0      0 2234348  77420 634196    0    0     0  1032 20862 24171 76 10 14  1  0 2026-09-22 10:21:14
 2  0      0 2232332  77420 636096    0    0     0  1076 20807 24140 77 10 13  0  0 2026-09-22 10:21:15
 3  0      0 2230064  77424 638080    0    0     0  1112 20350 23813 75 10 15  0  0 2026-09-22 10:21:16
 2  0      0 2227796  77424 640000    0    0     0  1136 20693 24165 76 12 12  0  0 2026-09-22 10:21:17
 4  0      0 2225524  77428 641952    0    0     0  1088 20115 23194 74 12 14  0  0 2026-09-22 10:21:18
 2  0      0 2223508  77444 643884    0    0     0  1132 20544 23550 76  9 15  0  0 2026-09-22 10:21:19
 2  0      0 2221236  77452 645764    0    0     0  1084 19949 22875 73 12 15  0  0 2026-09-22 10:21:20
 3  0      0 2219220  77456 647400    0    0     0  2064 19521 23318 76  9 15  1  0 2026-09-22 10:21:21
 4  0      0 2217204  77460 649352    0    0     0  2088 20408 23535 77 10 13  0  0 2026-09-22 10:21:22
 2  0      0 2215440  77464 651104    0    0     0  1140 19559 23408 72 13 16  0  0 2026-09-22 10:21:23
 3  0      0 2213928  77472 652464    0    0     0   916 16917 21397 70  9 22  0  0 2026-09-22 10:21:24
 3  0      0 2212416  77472 653744    0    0     0   920 16596 21580 70  6 23  0  0 2026-09-22 10:21:25
procs -----------memory---------- ---swap-- -----io---- -system-- ------cpu----- -----timestamp-----
 r  b   swpd   free   buff  cache   si   so    bi    bo   in   cs us sy id wa st                 UTC
 1  0      0 2210904  77472 655168    0    0     0  1012 16406 20530 69  8 23  1  0 2026-09-22 10:21:26
12  0      0 2209644  77472 656356    0    0     0   908 16040 20610 68  7 24  0  0 2026-09-22 10:21:27
 2  0      0 2208132  77472 657684    0    0     0   692 16646 21129 66  9 25  0  0 2026-09-22 10:21:28
 3  0      0 2206368  77472 658996    0    0     0   664 16664 21739 72  7 21  0  0 2026-09-22 10:21:29
 3  0      0 2204856  77472 660376    0    0     0   672 16740 21307 72  9 19  1  0 2026-09-22 10:21:30
 2  0      0 2203092  77476 661888    0    0     0   680 17587 22217 78  6 16  0  0 2026-09-22 10:21:31
 2  0      0 2201580  77480 663288    0    0     0   740 16986 21058 72 10 18  0  0 2026-09-22 10:21:32
 6  0      0 2199564  77488 664756    0    0     0   832 17147 22208 73  6 20  1  0 2026-09-22 10:21:33
 3  0      0 2198304  77492 666056    0    0     0   616 17251 21756 73  7 20  0  0 2026-09-22 10:21:34
 2  1      0 2196792  77500 667420    0    0     0 33236 17121 21418 73  8 16  3  0 2026-09-22 10:21:35
 6  0      0 2195280  77504 668812    0    0     0  9056 17343 21022 76  9 15  1  0 2026-09-22 10:21:36
 1  0      0 2193768  77508 670384    0    0     0   656 17605 21933 74  9 17  0  0 2026-09-22 10:21:37
 8  0      0 2192004  77508 671852    0    0     0  1712 17890 22215 74 10 16  0  0 2026-09-22 10:21:38
 6  0      0 2190492  77516 673212    0    0     0   712 16595 20673 76  7 18  0  0 2026-09-22 10:21:39
10  0      0 2188728  77516 674684    0    0     0   640 18138 22675 77  9 15  0  0 2026-09-22 10:21:40
 2  0      0 2187468  77520 676108    0    0     0  1680 16651 20724 75  5 19  1  0 2026-09-22 10:21:41
 7  0      0 2185704  77520 677656    0    0     0   620 17245 21953 75  8 18  0  0 2026-09-22 10:21:42
 2  0      0 2184444  77524 679044    0    0     0   660 16347 20677 76  4 19  0  0 2026-09-22 10:21:43
 8  0      0 2182428  77536 680444    0    0     0  1736 16816 20709 75  8 17  0  0 2026-09-22 10:21:44
 2  0      0 2180916  77536 681792    0    0     0   680 16277 20449 75  9 17  0  0 2026-09-22 10:21:45
 4  0      0 2179152  77540 683180    0    0     0   696 16443 20644 74  8 18  0  0 2026-09-22 10:21:46
procs -----------memory---------- ---swap-- -----io---- -system-- ------cpu----- -----timestamp-----
 r  b   swpd   free   buff  cache   si   so    bi    bo   in   cs us sy id wa st                 UTC
 3  0      0 2177892  77540 684560    0    0     0   644 16345 21060 72 10 19  0  0 2026-09-22 10:21:47
 3  0      0 2176128  77552 686128    0    0     0  1792 17404 21593 77  8 15  0  1 2026-09-22 10:21:48
 4  0      0 2174616  77552 687492    0    0     0   680 16167 21131 72  8 21  0  0 2026-09-22 10:21:49
 4  0      0 2173104  77552 688748    0    0     0   636 15230 20132 70  7 23  0  0 2026-09-22 10:21:50
 0  0      0 2171844  77560 689852    0    0     0   632 12775 16496 50  7 43  0  0 2026-09-22 10:21:51
 2  0      0 2170584  77568 690884    0    0     0   580 11649 14221 43  4 52  0  0 2026-09-22 10:21:52
 0  0      0 2170328  77568 691556    0    0     0   624 6781 9401 29  4 67  1  0 2026-09-22 10:21:53
 0  0      0 2164308  77572 691552    0    0     0   300  351  531  2  1 98  0  0 2026-09-22 10:21:54
