procs -----------memory---------- ---swap-- -----io---- -system-- ------cpu----- -----timestamp-----
 r  b   swpd   free   buff  cache   si   so    bi    bo   in   cs us sy id wa st                 UTC
 1  0      0 2381140  20644 846816    0    0   174  1132 9755 6983 18  8 73  0  0 2026-09-22 10:27:29
 0  0      0 2378368  20644 846784    0    0     0     0  326  463  0  1 99  0  0 2026-09-22 10:27:30
 0  0      0 2363248  20644 846784    0    0     0     0 4961 3331  3  1 96  0  0 2026-09-22 10:27:31
 0  0      0 2362296  20644 846784    0    0     0    28 2190 1529  2  2 96  0  0 2026-09-22 10:27:32
 0  0      0 2643540  20656 565184    0    0     0  1292 4684 6970  5  6 89  1  0 2026-09-22 10:27:33
 0  0      0 2643604  20656 565088    0    0     0     0   46   45  1  0 100  0  0 2026-09-22 10:27:34
 0  0      0 2642848  20656 565088    0    0     0     8 1126 1686  0  1 99  0  0 2026-09-22 10:27:35
 0  0      0 2642848  20656 565188    0    0     0     0   37   42  0  0 100  0  0 2026-09-22 10:27:36
 2  0      0 2642140  20656 565188    0    0     0     0 1316 2085  3  0 97  0  0 2026-09-22 10:27:37
 2  0      0 2557832  20672 573572    0    0     0  2572 35979 19351 67 25  8  0  0 2026-09-22 10:27:38
 6  0      0 2571540  20672 582824    0    0     0   792 35642 15231 72 26  2  0  0 2026-09-22 10:27:39
 5  0      0 2647036  20672 591784    0    0     0   524 36890 16602 70 26  4  0  0 2026-09-22 10:27:40
 4  0      0 2786124  20672 600844    0    0     0   704 36153 17445 71 26  4  0  0 2026-09-22 10:27:41
 4  0      0 2822456  20672 610060    0    0     0   184 36170 14357 71 26  3  0  0 2026-09-22 10:27:42
 3  0      0 2801520  20680 619060    0    0     0   808 36867 15305 70 28  3  0  0 2026-09-22 10:27:43
 4  0      0 2793472  20680 628228    0    0     0   480 37630 14934 74 24  2  0  0 2026-09-22 10:27:44
 4  0      0 2772528  20680 637308    0    0     0   268 37673 16767 71 28  2  0  0 2026-09-22 10:27:45
 3  0      0 2740064  20680 646320    0    0     0   172 38238 14344 69 29  2  0  0 2026-09-22 10:27:46
 4  0      0 2727172  20680 655428    0    0     0   412 37923 14272 74 25  2  0  0 2026-09-22 10:27:47
 6  0      0 2705244  20688 664412    0    0     0  1180 37485 15180 74 24  2  0  0 2026-09-22 10:27:48
 4  0      0 2675560  20688 673780    0    0     0   508 38297 14744 68 29  2  0  0 2026-09-22 10:27:49
procs -----------memory---------- ---swap-- -----io---- -system-- ------cpu----- -----timestamp-----
 r  b   swpd   free   buff  cache   si   so    bi    bo   in   cs us sy id wa st                 UTC
 5  0      0 2640468  20688 682476    0    0     0   580 37502 14639 76 23  2  0  1 2026-09-22 10:27:50
 4  0      0 2610072  20688 691760    0    0     0   428 38550 15194 73 24  3  0  0 2026-09-22 10:27:51
 6  0      0 2599020  20688 700592    0    0     0   744 38011 15036 75 24  2  0  0 2026-09-22 10:27:52
 4  0      0 2566852  20700 709332    0    0     0  3760 38280 15350 69 29  2  0  0 2026-09-22 10:27:53
 4  0      0 2533752  20700 718272    0    0     0 15604 37638 14036 70 28  3  0  0 2026-09-22 10:27:54
 4  0      0 2522168  20700 726728    0    0     0   500 38610 15667 70 28  2  0  0 2026-09-22 10:27:55
 4  0      0 2481048  20700 735192    0    0     0   704 38191 15844 71 27  2  0  0 2026-09-22 10:27:56
 7  0      0 2472416  20700 744412    0    0     0   904 38361 15857 72 26  3  0  0 2026-09-22 10:27:57
 6  0      0 2436004  20708 753252    0    0     0  2724 34985 13643 70 28  3  0  0 2026-09-22 10:27:58
 4  0      0 2425924  20708 761792    0    0     0 66692 37416 15132 73 26  2  0  0 2026-09-22 10:27:59
 6  0      0 2385372  20708 770344    0    0     0   788 36213 15652 72 25  4  0  0 2026-09-22 10:28:00
 5  0      0 2376508  20708 779296    0    0     0   844 38027 14777 70 28  3  0  0 2026-09-22 10:28:01
 3  0      0 2349044  20708 788124    0    0     0   980 36056 14278 72 24  4  0  0 2026-09-22 10:28:02
 4  0      0 2323668  20716 796996    0    0     0  1744 36342 13244 71 27  2  0  0 2026-09-22 10:28:03
 5  0      0 2310448  20716 805624    0    0     0 95624 38301 16276 71 27  2  0  0 2026-09-22 10:28:04
 6  0      0 2265332  20716 814236    0    0     0   996 35391 13977 70 28  3  0  0 2026-09-22 10:28:05
 3  0      0 2256132  20716 822532    0    0     0   920 36012 16014 74 23  4  0  0 2026-09-22 10:28:06
 3  0      0 2245112  20716 830760    0    0     0   684 35776 15732 72 24  4  0  0 2026-09-22 10:28:07
 2  0      0 2197524  20724 839024    0    0     0  1284 34761 15040 73 24  3  0  1 2026-09-22 10:28:08
 4  0      0 2189712  20724 847104    0    0     0  8536 36736 16201 73 20  6  1  0 2026-09-22 10:28:09
 4  0      0 2179164  20724 855388    0    0     0   916 35855 16721 70 25  4  0  0 2026-09-22 10:28:10
procs -----------memory---------- ---swap-- -----io---- -system-- ------cpu----- -----timestamp-----
 r  b   swpd   free   buff  cache   si   so    bi    bo   in   cs us sy id wa st                 UTC
 2  0      0 2146200  20724 863496    0    0     0   504 34260 15955 69 24  8  0  0 2026-09-22 10:28:11
 5  0      0 2118228  20724 871400    0    0     0   156 35488 15910 69 25  6  0  0 2026-09-22 10:28:12
 4  0      0 2109940  20732 879096    0    0     0  1064 35080 16891 70 22  9  0  0 2026-09-22 10:28:13
 5  0      0 2100676  20732 886928    0    0     0  4180 36007 16184 73 22  5  0  0 2026-09-22 10:28:14
 5  0      0 2091588  20732 888068    0    0     0   408 42306 26629 67 25  8  0  0 2026-09-22 10:28:15
 5  0      0 2049552  20732 889088    0    0     0   392 40926 23645 68 28  4  0  0 2026-09-22 10:28:16
 5  0      0 2047788  20732 890348    0    0     0   548 40172 22984 70 23  7  0  0 2026-09-22 10:28:17
 4  0      0 2045616  20740 891620    0    0     0  2864 41512 24964 73 22  5  0  0 2026-09-22 10:28:18
 5  0      0 2043012  20740 892608    0    0     0  4624 42994 25223 68 27  5  0  0 2026-09-22 10:28:19
 5  0      0 2038620  20740 894056    0    0     0   840 42166 25183 68 27  6  0  0 2026-09-22 10:28:20
 5  0      0 2035848  20740 895276    0    0     0   664 42836 27394 70 24  5  0  0 2026-09-22 10:28:21
 4  0      0 2009508  20740 896424    0    0     0   900 41637 25923 67 27  6  0  0 2026-09-22 10:28:22
 5  0      0 1987984  20748 897592    0    0     0   804 42589 25494 64 28  7  0  0 2026-09-22 10:28:23
 4  0      0 1986888  20748 898752    0    0     0  4720 43786 26555 68 27  6  0  0 2026-09-22 10:28:24
 3  0      0 1985112  20748 900124    0    0     0   588 41906 26694 72 23  5  0  0 2026-09-22 10:28:25
 1  0      0 1984340  20748 901156    0    0     0   708 42381 24364 69 25  6  0  0 2026-09-22 10:28:26
 5  0      0 1982880  20748 902496    0    0     0   796 43717 28322 65 29  6  0  1 2026-09-22 10:28:27
 3  0      0 1982120  20756 903568    0    0     0   840 43005 28706 71 23  7  0  0 2026-09-22 10:28:28
 5  0      0 1977160  20756 904700    0    0     0  2752 41889 26715 69 25  6  0  0 2026-09-22 10:28:29
 3  0      0 1975760  20756 905856    0    0     0  7036 43521 27658 66 27  6  0  0 2026-09-22 10:28:30
 5  0      0 1974752  20756 907116    0    0     0   816 42678 26091 66 28  6  0  0 2026-09-22 10:28:31
procs -----------memory---------- ---swap-- -----io---- -system-- ------cpu----- -----timestamp-----
 r  b   swpd   free   buff  cache   si   so    bi    bo   in   cs us sy id wa st                 UTC
 4  0      0 1972400  20756 908416    0    0     0   608 42502 25867 62 30  8  0  0 2026-09-22 10:28:32
 4  0      0 2000184  20764 909480    0    0     0  1368 44689 29967 62 33  5  0  0 2026-09-22 10:28:33
 3  0      0 1987060  20764 910612    0    0     0   604 43317 27868 68 25  8  0  0 2026-09-22 10:28:34
 4  0      0 1975508  20764 911576    0    0     0 49016 42141 23127 68 26  6  1  0 2026-09-22 10:28:35
 5  0      0 1970232  20764 912812    0    0     0   572 42098 24695 73 23  4  0  0 2026-09-22 10:28:36
 0  0      0 1969220  20764 913724    0    0     0   712 41909 23780 64 29  7  0  0 2026-09-22 10:28:37
 0  0      0 1977288  20772 912988    0    0     0   948 4005  425  2  2 96  0  0 2026-09-22 10:28:38
