procs -----------memory---------- ---swap-- -----io---- -system-- ------cpu----- -----timestamp-----
 r  b   swpd   free   buff  cache   si   so    bi    bo   in   cs us sy id wa st                 UTC
 1  0      0 3037208  30768 452604    0    0    69  1069 9695 2656 22  9 68  0  0 2026-09-22 10:27:29
 0  0      0 3035192  30768 452564    0    0     0     0  631  939  2  2 95  0  0 2026-09-22 10:27:30
 0  0      0 3035192  30768 452564    0    0     0     0   19   29  0  0 100  0  0 2026-09-22 10:27:31
 0  0      0 3035192  30780 452552    0    0     0  2820  344  608  0  0 97  3  0 2026-09-22 10:27:32
 0  0      0 3033980  30780 452580    0    0     0     0  815  377  0  0 100  0  0 2026-09-22 10:27:33
 0  0      0 3033980  30780 452580    0    0     0    20   56   49  0  0 100  0  0 2026-09-22 10:27:34
 0  0      0 3033728  30780 452120    0    0     0    80  255  124  0  0 100  0  0 2026-09-22 10:27:35
 0  0      0 3033728  30780 452120    0    0     0     0   41   44  0  0 100  0  0 2026-09-22 10:27:36
 0  0      0 3033476  30788 452112    0    0     0   156  463  234  1  1 98  0  0 2026-09-22 10:27:37
 2  0      0 3139024  30796 380372    0    0     0    72 30480 12223 28 19 53  0  0 2026-09-22 10:27:38
 1  0      0 3127652  30796 390040    0    0     0  2668 30330 13675 24 16 60  0  0 2026-09-22 10:27:39
 1  0      0 3117484  30796 399528    0    0     0  5588 31151 13755 25 18 56  0  0 2026-09-22 10:27:40
 2  0      0 3104820  30796 410508    0    0     0  6328 30490 13605 24 16 60  0  0 2026-09-22 10:27:41
 2  0      0 3093600  30828 421620    0    0     0 15928 31182 13670 24 19 58  0  0 2026-09-22 10:27:42
 0  0      0 3084960  30828 428788    0    0     0  9708 32585 13530 28 18 54  0  0 2026-09-22 10:27:43
 1  0      0 3075560  30836 437028    0    0     0 13744 33298 13846 28 21 51  0  0 2026-09-22 10:27:44
 0  0      0 3068056  30836 444676    0    0     0  8208 30403 13684 25 17 58  0  0 2026-09-22 10:27:45
 1  0      0 3056612  30844 453876    0    0     0 17384 33182 13852 30 20 50  0  0 2026-09-22 10:27:46
 2  0      0 3049832  30876 461104    0    0     0 21272 31942 13435 29 21 50  0  0 2026-09-22 10:27:47
 2  0      0 3044812  30876 465308    0    0     0 12320 30837 13471 29 17 54  0  0 2026-09-22 10:27:48
 1  0      0 3034556  30896 475328    0    0     0 20044 34213 13815 29 21 49  0  0 2026-09-22 10:27:49
procs -----------memory---------- ---swap-- -----io---- -system-- ------cpu----- -----timestamp-----
 r  b   swpd   free   buff  cache   si   so    bi    bo   in   cs us sy id wa st                 UTC
 3  0      0 3029264  30908 481068    0    0     0 14232 31187 13132 25 18 56  0  0 2026-09-22 10:27:50
 1  0      0 3020972  30936 488244    0    0     0 20308 33650 13503 28 23 49  0  0 2026-09-22 10:27:51
 2  0      0 3017716  30984 491052    0    0     0 23764 32815 13441 29 19 52  1  0 2026-09-22 10:27:52
 2  0      0 3012012  31016 496660    0    0     0 18428 32701 13392 30 18 51  1  0 2026-09-22 10:27:53
 1  0      0 2991800  31072 508412    0    0     0 24208 32668 13253 28 23 48  0  0 2026-09-22 10:27:54
 1  0      0 2986980  31108 516556    0    0     0 20204 33442 13321 34 20 47  0  0 2026-09-22 10:27:55
 3  0      0 2976860  31160 521280    0    0     0 21204 32507 13362 30 23 47  0  0 2026-09-22 10:27:56
 1  0      0 2964428  31224 530984    0    0     0 73772 34061 12963 30 26 42  3  0 2026-09-22 10:27:57
 3  0      0 2961908  31228 535020    0    0     0  9472 28313 12520 27 17 57  0  0 2026-09-22 10:27:58
 1  0      0 2954600  31236 541968    0    0     0 22880 30499 12295 31 20 50  0  0 2026-09-22 10:27:59
 3  0      0 2949096  31236 547884    0    0     0 18560 29376 12092 27 17 56  0  0 2026-09-22 10:28:00
 3  0      0 2944536  31244 550988    0    0     0 26952 34485 12637 35 21 44  0  0 2026-09-22 10:28:01
 1  0      0 2941300  31260 550056    0    0     0 22320 29851 12037 31 18 51  0  0 2026-09-22 10:28:02
 3  0      0 2941332  31260 551784    0    0     0 26280 32733 12481 33 19 48  1  0 2026-09-22 10:28:03
 1  0      0 2936212  31264 558840    0    0     0 27068 32596 12429 30 21 49  0  0 2026-09-22 10:28:04
 4  0      0 2934776  31268 560180    0    0     0 20152 32448 11014 43 21 36  0  0 2026-09-22 10:28:05
 3  0      0 2929456  31272 563796    0    0     0 18060 31992 10131 46 20 34  0  0 2026-09-22 10:28:06
 3  0      0 2926112  31296 567412    0    0     0 26512 31601 10296 42 20 37  0  0 2026-09-22 10:28:07
 3  0      0 2918612  31300 576376    0    0     0 16408 30104 10103 45 16 40  0  0 2026-09-22 10:28:08
 2  0      0 2912928  31300 580056    0    0     0 25680 32933 9985 46 22 32  0  0 2026-09-22 10:28:09
 1  0      0 2910800  31300 578676    0    0     0 20908 32669 9778 50 19 31  0  0 2026-09-22 10:28:10
procs -----------memory---------- ---swap-- -----io---- -system-- ------cpu----- -----timestamp-----
 r  b   swpd   free   buff  cache   si   so    bi    bo   in   cs us sy id wa st                 UTC
 3  0      0 2910436  31300 578596    0    0     0 13760 29208 9566 40 19 41  0  1 2026-09-22 10:28:11
 1  0      0 2905928  31332 589336    0    0     0 30920 31404 9751 48 17 35  1  0 2026-09-22 10:28:12
 1  0      0 2899160  31332 595216    0    0     0 24136 29924 9133 45 17 36  1  0 2026-09-22 10:28:13
 0  0      0 2898436  31332 596840    0    0     0 19140 31364 10336 46 18 36  0  0 2026-09-22 10:28:14
 2  0      0 2895164  31332 593992    0    0     0 29296 32304 12528 39 19 42  0  0 2026-09-22 10:28:15
 0  0      0 2895192  31332 597476    0    0     0 21356 30447 12777 33 20 47  0  0 2026-09-22 10:28:16
 2  0      0 2890128  31368 605552    0    0     0 27000 28431 11941 34 18 48  0  0 2026-09-22 10:28:17
 0  0      0 2886884  31368 608080    0    0     0 12212 27070 11615 31 16 53  0  0 2026-09-22 10:28:18
 2  0      0 2876248  31368 618488    0    0     0 34488 32811 12183 41 22 38  0  0 2026-09-22 10:28:19
 0  0      0 2874760  31380 621624    0    0     0 21280 29532 11646 34 20 46  0  0 2026-09-22 10:28:20
 2  0      0 2868700  31380 625784    0    0     0 17456 28141 11464 36 18 47  0  0 2026-09-22 10:28:21
 1  0      0 2864700  31432 631556    0    0     0 29032 26913 11356 36 15 48  1  0 2026-09-22 10:28:22
 1  0      0 2854264  31444 639032    0    0     0 38880 30853 11484 35 24 41  1  0 2026-09-22 10:28:23
 2  0      0 2850772  31464 642060    0    0     0 27732 30374 11484 35 21 44  1  0 2026-09-22 10:28:24
 1  0      0 2847964  31464 646588    0    0     0 13512 26996 11549 35 15 50  0  0 2026-09-22 10:28:25
 1  0      0 2846940  31472 649476    0    0     0 22804 29771 12565 38 17 46  0  0 2026-09-22 10:28:26
 2  0      0 2839908  31512 652712    0    0     0 41004 31433 11562 37 22 40  0  0 2026-09-22 10:28:27
 0  0      0 2837624  31520 655184    0    0     0 84232 30895 11710 39 20 39  2  0 2026-09-22 10:28:28
 2  0      0 2836604  31520 656784    0    0     0 23836 30336 12105 35 19 46  0  0 2026-09-22 10:28:29
 0  0      0 2831124  31520 661448    0    0     0 37596 34705 11734 37 27 36  0  0 2026-09-22 10:28:30
 1  0      0 2829916  31520 662896    0    0     0 22480 29584 11649 35 17 48  0  0 2026-09-22 10:28:31
procs -----------memory---------- ---swap-- -----io---- -system-- ------cpu----- -----timestamp-----
 r  b   swpd   free   buff  cache   si   so    bi    bo   in   cs us sy id wa st                 UTC
 1  0      0 2825596  31568 669780    0    0     0 38084 30540 11850 37 22 41  1  0 2026-09-22 10:28:32
 2  0      0 2823664  31580 672016    0    0     0 27624 32562 12495 39 19 42  0  0 2026-09-22 10:28:33
 2  0      0 2814792  31596 680360    0    0     0 25484 28802 11621 34 18 48  0  0 2026-09-22 10:28:34
 1  0      0 2809280  31632 683544    0    0     0 27532 30413 11971 37 21 42  0  0 2026-09-22 10:28:35
 2  0      0 2804796  31636 688208    0    0     0 27368 28405 10907 35 18 48  0  0 2026-09-22 10:28:36
 0  0      0 2803808  31680 689328    0    0     0 37288 29794 11268 37 20 42  1  0 2026-09-22 10:28:37
 0  0      0 2813556  31680 687624    0    0     0     0 4341  452  2  2 96  0  0 2026-09-22 10:28:38
 2  0      0 2763120  31680 686996    0    0     0     0  453  734 27  5 68  0  0 2026-09-22 10:28:39
