procs -----------memory---------- ---swap-- -----io---- -system-- ------cpu----- -----timestamp-----
 r  b   swpd   free   buff  cache   si   so    bi    bo   in   cs us sy id wa st                 UTC
 0  0      0 12954344  96596 2570984    0    0    12    98  311  186 11  2 87  0  0 2026-09-22 10:27:29
 0  0      0 12930656  96596 2568492    0    0     0     0 2673 2583  1  2 97  0  0 2026-09-22 10:27:30
 0  0      0 12930656  96596 2568492    0    0     0  1304  338  393  0  0 100  0  0 2026-09-22 10:27:31
 0  0      0 12930656  96596 2568492    0    0     0    12   39   49  0  0 100  0  0 2026-09-22 10:27:32
 0  0      0 12928640  96596 2568492    0    0     0     0 2199 2992  0  0 100  0  0 2026-09-22 10:27:33
 0  0      0 12928388  96596 2568492    0    0     0     0   48   52  0  0 100  0  0 2026-09-22 10:27:34
 0  0      0 12925868  96600 2568492    0    0     0    92 1227 1752  0  0 100  0  0 2026-09-22 10:27:35
 0  0      0 12925868  96600 2568492    0    0     0     8   44   32  0  0 100  0  0 2026-09-22 10:27:36
 1  0      0 12924636  96600 2568492    0    0     0     4 1484 1985  0  0 100  0  0 2026-09-22 10:27:37
 8  0      0 12866680  96600 2568496    0    0     0     0 75130 72667 41  7 52  0  0 2026-09-22 10:27:38
 3  0      0 12826740  96600 2568516    0    0     0     0 77610 71115 47  7 46  0  0 2026-09-22 10:27:39
 2  0      0 12792928  96600 2568536    0    0     0     0 76072 68767 48  7 44  0  0 2026-09-22 10:27:40
 2  0      0 12759164  96600 2568720    0    0     0    28 77480 70089 47  7 47  0  0 2026-09-22 10:27:41
 3  0      0 12730828  96600 2569116    0    0     0     0 75257 66715 50  7 43  0  0 2026-09-22 10:27:42
 5  0      0 12690300  96600 2569468    0    0     0   124 77210 65883 53  7 40  0  0 2026-09-22 10:27:43
 3  0      0 12681144  96600 2569688    0    0     0     0 83064 74285 49  7 44  0  0 2026-09-22 10:27:44
 2  0      0 12660152  96600 2569828    0    0     0     0 78482 68616 52  8 41  0  0 2026-09-22 10:27:45
 5  0      0 12646180  96600 2569940    0    0     0    28 79532 70819 51  8 42  0  0 2026-09-22 10:27:46
 3  0      0 12630420  96600 2570188    0    0     0     0 79163 72361 46  8 46  0  0 2026-09-22 10:27:47
 8  0      0 12617124  96600 2570224    0    0     0   116 78199 69942 49  8 43  0  0 2026-09-22 10:27:48
 5  0      0 12591368  96600 2570340    0    0     0     4 77945 68153 50  8 42  0  0 2026-09-22 10:27:49
procs -----------memory---------- ---swap-- -----io---- -system-- ------cpu----- -----timestamp-----
 r  b   swpd   free   buff  cache   si   so    bi    bo   in   cs us sy id wa st                 UTC
 7  0      0 12579892  96600 2570460    0    0     0     0 77854 69104 51  6 43  0  0 2026-09-22 10:27:50
 4  0      0 12558248  96604 2570612    0    0     0    28 78367 69158 50  8 42  0  0 2026-09-22 10:27:51
 4  0      0 12545480  96604 2570736    0    0     0     0 79949 70837 52  7 40  0  0 2026-09-22 10:27:52
 3  0      0 12524328  96604 2570916    0    0     0   120 79103 68508 51  8 41  0  0 2026-09-22 10:27:53
 4  0      0 12509576  96604 2570948    0    0     0     0 76944 67297 51  8 41  0  0 2026-09-22 10:27:54
 2  0      0 12507108  96604 2571124    0    0     0     4 78766 69653 51  6 43  0  0 2026-09-22 10:27:55
 5  0      0 12498284  96608 2571272    0    0     0    24 75969 65910 51  7 42  0  0 2026-09-22 10:27:56
 3  0      0 12468104  96608 2571344    0    0     0     0 78096 66253 53  8 39  0  0 2026-09-22 10:27:57
 8  0      0 12456768  96608 2571476    0    0     0   184 74549 63885 53  7 40  0  0 2026-09-22 10:27:58
 4  0      0 12446520  96608 2571624    0    0     0     0 77298 69602 50  7 43  0  0 2026-09-22 10:27:59
 6  0      0 12437476  96608 2571792    0    0     0    68 72621 62703 52  8 40  0  0 2026-09-22 10:28:00
 5  0      0 12436748  96608 2571920    0    0     0    28 76357 65067 55  8 37  0  0 2026-09-22 10:28:01
 8  0      0 12417912  96608 2572128    0    0     0     0 75514 65686 52  8 40  0  0 2026-09-22 10:28:02
 1  0      0 12416456  96608 2572196    0    0     0   292 76555 68146 49  8 44  0  0 2026-09-22 10:28:03
 6  0      0 12416176  96608 2572404    0    0     0     0 75438 64669 53  8 39  0  0 2026-09-22 10:28:04
 5  0      0 12406432  96608 2572480    0    0     0     0 79961 71150 46  8 46  0  0 2026-09-22 10:28:05
 6  0      0 12405940  96608 2572520    0    0     0    44 75930 61434 54  8 38  0  0 2026-09-22 10:28:06
 8  0      0 12405940  96608 2572556    0    0     0     8 74818 62095 52  8 40  0  0 2026-09-22 10:28:07
 3  0      0 12405464  96608 2572596    0    0     0   232 74329 60768 52  8 41  0  0 2026-09-22 10:28:08
 4  0      0 12403700  96608 2572628    0    0     0     0 72735 57305 56  7 36  0  0 2026-09-22 10:28:09
 1  0      0 12408160  96608 2572656    0    0     0     0 80570 69749 47  7 46  0  0 2026-09-22 10:28:10
procs -----------memory---------- ---swap-- -----io---- -system-- ------cpu----- -----timestamp-----
 r  b   swpd   free   buff  cache   si   so    bi    bo   in   cs us sy id wa st                 UTC
 3  0      0 12407756  96608 2572692    0    0     0    28 69660 53682 55  7 37  0  0 2026-09-22 10:28:11
 2  0      0 12406836  96608 2572692    0    0     0     0 73554 60416 53  7 40  0  0 2026-09-22 10:28:12
 2  0      0 12406836  96608 2572688    0    0     0   200 72285 61101 49  7 43  0  0 2026-09-22 10:28:13
 8  0      0 12406612  96608 2572692    0    0     0     0 72201 57230 55  7 38  0  0 2026-09-22 10:28:14
 8  0      0 12405636  96608 2572712    0    0     0     0 73966 59948 58  7 36  0  0 2026-09-22 10:28:15
 4  0      0 12405132  96608 2572752    0    0     0    24 77114 64749 57  7 36  0  0 2026-09-22 10:28:16
 4  0      0 12403652  96608 2572796    0    0     0     0 74856 62337 58  7 35  0  0 2026-09-22 10:28:17
 7  0      0 12402960  96608 2572824    0    0     0     0 73803 58397 60  7 32  0  0 2026-09-22 10:28:18
 8  0      0 12402204  96608 2572856    0    0     0   228 75578 62165 58  8 34  0  0 2026-09-22 10:28:19
 8  0      0 12401700  96608 2572868    0    0     0     0 77127 66231 56  7 37  0  0 2026-09-22 10:28:20
 8  0      0 12409744  96608 2572840    0    0     0    24 76353 61757 59  7 34  0  0 2026-09-22 10:28:21
 8  0      0 12404756  96608 2572860    0    0     0     0 73103 60504 57  8 34  0  0 2026-09-22 10:28:22
 8  0      0 12404284  96608 2572820    0    0     0     0 75821 65076 56  6 37  0  0 2026-09-22 10:28:23
 3  0      0 12407144  96608 2572864    0    0     0   236 75761 61845 60  7 33  0  0 2026-09-22 10:28:24
 3  0      0 12404548  96608 2572900    0    0     0     4 74861 61459 57  7 35  0  0 2026-09-22 10:28:25
 2  0      0 12405092  96612 2572908    0    0     0    24 76942 62855 58  8 33  0  0 2026-09-22 10:28:26
 3  0      0 12414016  96612 2572916    0    0     0     0 78649 66388 55  7 38  0  0 2026-09-22 10:28:27
 8  0      0 12418140  96612 2572928    0    0     0     0 80634 63703 56  8 35  0  0 2026-09-22 10:28:28
 1  0      0 12429684  96612 2572940    0    0     0   228 77875 64159 58  7 35  0  0 2026-09-22 10:28:29
 2  0      0 12428704  96612 2572988    0    0     0     0 80940 70306 52  9 39  0  0 2026-09-22 10:28:30
 5  0      0 12428444  96612 2572996    0    0     0    64 77573 65217 56  8 36  0  0 2026-09-22 10:28:31
procs -----------memory---------- ---swap-- -----io---- -system-- ------cpu----- -----timestamp-----
 r  b   swpd   free   buff  cache   si   so    bi    bo   in   cs us sy id wa st                 UTC
 5  0      0 12427756  96612 2573028    0    0     0   216 74021 59515 61  6 32  0  0 2026-09-22 10:28:32
 1  0      0 12428792  96612 2573064    0    0     0     0 81594 71064 55  7 38  0  0 2026-09-22 10:28:33
 2  0      0 12429108  96612 2573116    0    0     0   228 75024 57491 63  7 30  0  0 2026-09-22 10:28:34
 2  0      0 12428016  96612 2573148    0    0     0     0 76649 64946 57  7 36  0  0 2026-09-22 10:28:35
 2  0      0 12442484  96612 2573188    0    0     0    32 81631 63893 57  7 36  0  0 2026-09-22 10:28:36
 5  0      0 12442140  96612 2573224    0    0     0     4 77879 67320 55  8 37  0  0 2026-09-22 10:28:37
 1  0      0 12922728  96612 2571132    0    0     0     4 16067 18339 28  5 67  0  0 2026-09-22 10:28:38
