procs -----------memory---------- ---swap-- -----io---- -system-- ------cpu----- -----timestamp-----
 r  b   swpd   free   buff  cache   si   so    bi    bo   in   cs us sy id wa st                 UTC
 1  0      0 2627940  14668 593608    0    0 14556   205 1087 1991 12 23 52 13  1 2026-09-22 10:42:26
 0  0      0 2626932  14668 593928    0    0    36     0  152  218  0  0 100  1  0 2026-09-22 10:42:27
 0  1      0 2605012  15220 597132    0    0  3804     0  526  631  2  1 95  2  1 2026-09-22 10:42:28
 0  0      0 2601232  15220 599432    0    0  2192     0 4811 4415  4  2 95  1  0 2026-09-22 10:42:29
 2  0      0 2786792  15244 390276    0    0  1180   120  694  710  2  3 94  1  0 2026-09-22 10:42:30
 0  0      0 2896416  15248 317516    0    0   148     4 3660 4899  6  3 91  0  0 2026-09-22 10:42:31
 0  0      0 2896416  15248 317516    0    0     0     8   56   62  0  0 100  0  0 2026-09-22 10:42:32
 0  0      0 2895664  15248 317604    0    0     0     0  842 1381  0  1 100  0  0 2026-09-22 10:42:33
 0  0      0 2895664  15248 317604    0    0     0     0   34   36  0  0 100  0  0 2026-09-22 10:42:34
 3  0      0 2932432  15264 322248    0    0   260  1768 25996 22489 25 11 64  0  0 2026-09-22 10:42:35
 1  0      0 3133156  15264 330980    0    0     0   628 46235 31997 54 19 27  0  0 2026-09-22 10:42:36
 2  0      0 3155028  15264 339592    0    0     0   860 45953 28451 54 21 25  0  0 2026-09-22 10:42:37
 2  0      0 3128232  15264 348676    0    0     0   672 49469 35148 55 22 24  0  0 2026-09-22 10:42:38
 4  0      0 3101556  15264 358000    0    0     0   592 46353 27791 57 20 22  0  0 2026-09-22 10:42:39
 3  0      0 3078060  15272 366276    0    0     0  1440 49555 33530 58 20 22  0  0 2026-09-22 10:42:40
 3  0      0 3048880  15272 375408    0    0     0    60 49439 34246 53 26 21  0  0 2026-09-22 10:42:41
 3  0      0 3030192  15272 384616    0    0     0  6236 45176 23744 57 22 21  1  0 2026-09-22 10:42:42
 3  0      0 3000044  15272 393936    0    0     0  1064 47574 28354 53 26 21  0  0 2026-09-22 10:42:43
 4  0      0 2972136  15272 403200    0    0     0   852 46997 29031 59 20 21  0  0 2026-09-22 10:42:44
 3  0      0 2955196  15280 412132    0    0     0   972 48862 32115 57 22 21  0  0 2026-09-22 10:42:45
 3  0      0 2940744  15280 421100    0    0     0  1096 47046 30045 55 23 21  0  0 2026-09-22 10:42:46
procs -----------memory---------- ---swap-- -----io---- -system-- ------cpu----- -----timestamp-----
 r  b   swpd   free   buff  cache   si   so    bi    bo   in   cs us sy id wa st                 UTC
 3  0      0 2923140  15280 431940    0    0  1564  1048 45482 26847 56 23 21  0  0 2026-09-22 10:42:47
 2  0      0 2888024  15280 443040    0    0  1456   784 45564 26740 58 20 22  1  0 2026-09-22 10:42:48
 4  0      0 2849920  15280 455692    0    0  2992   932 45443 27477 57 23 20  0  0 2026-09-22 10:42:49
 3  0      0 2813332  15292 467740    0    0  2584  1652 45092 26547 59 23 17  1  0 2026-09-22 10:42:50
 5  0      0 2799552  15292 479200    0    0  2272  1128 46881 30888 57 22 22  0  0 2026-09-22 10:42:51
 5  0      0 2762008  15292 490492    0    0  2488  1600 44978 28415 55 20 24  1  1 2026-09-22 10:42:52
 5  0      0 2741092  15292 501136    0    0  1568   788 45499 29347 58 21 22  0  0 2026-09-22 10:42:53
 3  0      0 2713172  15292 512092    0    0  1676  1624 43231 24737 57 24 18  1  0 2026-09-22 10:42:54
 4  0      0 2670840  15300 523332    0    0  1828  2088 43629 23248 58 23 19  0  0 2026-09-22 10:42:55
 4  0      0 2659252  15300 533800    0    0  1180  1308 46680 33001 60 19 21  1  0 2026-09-22 10:42:56
 7  0      0 2617468  15300 543592    0    0   996  1596 45301 31238 55 25 20  0  0 2026-09-22 10:42:57
 4  0      0 2604032  15300 554228    0    0  1732   876 46451 33754 53 25 23  0  0 2026-09-22 10:42:58
 5  0      0 2578580  15300 564560    0    0  1596  1324 44267 28828 55 20 25  1  0 2026-09-22 10:42:59
 5  0      0 2549148  15308 573648    0    0   564  1256 42439 27434 56 21 23  0  0 2026-09-22 10:43:00
 4  0      0 2539612  15308 583312    0    0   732  1248 43075 29933 54 20 26  0  0 2026-09-22 10:43:01
 4  0      0 2493052  15308 592088    0    0   504  8352 43042 25361 56 22 22  1  0 2026-09-22 10:43:02
 4  0      0 2483220  15308 601640    0    0   580  1408 44231 30072 56 22 22  0  0 2026-09-22 10:43:03
 4  0      0 2463572  15308 611120    0    0   556  1004 46310 34778 53 25 22  0  0 2026-09-22 10:43:04
 4  0      0 2415732  15316 621024    0    0   648  1408 43558 27338 59 19 21  1  0 2026-09-22 10:43:05
 6  0      0 2405600  15316 630508    0    0   220 65352 43637 27319 56 23 20  1  0 2026-09-22 10:43:06
 5  0      0 2376636  15316 639396    0    0   560  1576 42130 27000 54 21 25  1  0 2026-09-22 10:43:07
procs -----------memory---------- ---swap-- -----io---- -system-- ------cpu----- -----timestamp-----
 r  b   swpd   free   buff  cache   si   so    bi    bo   in   cs us sy id wa st                 UTC
 7  0      0 2340928  15316 646892    0    0   116   900 44740 30274 55 22 22  0  0 2026-09-22 10:43:08
 5  0      0 2338716  15316 648172    0    0   676  1336 54498 48561 44 21 35  0  0 2026-09-22 10:43:09
 5  0      0 2338268  15324 649108    0    0   532  1904 52134 45214 44 26 30  0  0 2026-09-22 10:43:10
 3  0      0 2335584  15332 649668    0    0    80 167444 53377 46387 46 30 21  3  0 2026-09-22 10:43:11
 3  0      0 2280592  15332 651028    0    0   152  1308 53189 42922 42 31 28  0  0 2026-09-22 10:43:12
 6  0      0 2276592  15332 652520    0    0   384  6792 53848 47342 41 27 31  1  1 2026-09-22 10:43:13
 3  0      0 2274828  15332 653704    0    0   144   964 54445 47806 46 23 31  0  0 2026-09-22 10:43:14
 2  0      0 2274304  15348 654768    0    0   632  2328 53605 46203 46 24 29  1  0 2026-09-22 10:43:15
 3  0      0 2273760  15348 655556    0    0   216  2736 54605 46854 49 23 28  0  0 2026-09-22 10:43:16
 2  0      0 2263936  15352 656076    0    0   132  1116 50627 42631 50 23 27  0  0 2026-09-22 10:43:17
 3  0      0 2257992  15352 656568    0    0   112  5076 53043 45015 49 23 28  0  0 2026-09-22 10:43:18
 3  0      0 2256760  15352 657164    0    0   216  1428 53421 46691 47 24 29  0  0 2026-09-22 10:43:19
 2  0      0 2256524  15360 657428    0    0     0  1936 54683 46670 45 26 28  0  0 2026-09-22 10:43:20
 2  0      0 2255564  15360 658280    0    0   364   984 51773 43859 47 24 29  0  0 2026-09-22 10:43:21
 3  0      0 2254332  15360 658908    0    0   204  1036 52687 44022 48 25 28  0  0 2026-09-22 10:43:22
 3  0      0 2253524  15360 659272    0    0    80   880 52823 44664 49 23 28  0  0 2026-09-22 10:43:23
 3  0      0 2253308  15360 659724    0    0    32  1428 53505 45354 48 25 27  0  0 2026-09-22 10:43:24
 2  0      0 2253044  15368 660036    0    0     0  1828 52956 46238 47 22 30  1  0 2026-09-22 10:43:25
 2  0      0 2252552  15368 660504    0    0   128  3868 53335 45166 42 26 33  0  0 2026-09-22 10:43:26
 3  0      0 2250028  15368 660788    0    0   128   908 51125 41522 46 24 29  0  0 2026-09-22 10:43:27
 2  0      0 2248772  15368 661464    0    0   224  1384 52838 44067 46 25 29  0  0 2026-09-22 10:43:28
procs -----------memory---------- ---swap-- -----io---- -system-- ------cpu----- -----timestamp-----
 r  b   swpd   free   buff  cache   si   so    bi    bo   in   cs us sy id wa st                 UTC
 2  0      0 2247328  15368 662100    0    0    80  1608 51667 44060 47 24 29  0  0 2026-09-22 10:43:29
 3  0      0 2246600  15380 662704    0    0   184  1552 53649 46180 45 27 28  0  0 2026-09-22 10:43:30
 4  0      0 2245868  15380 663360    0    0    52   908 51731 44281 42 25 33  0  0 2026-09-22 10:43:31
 2  0      0 2244556  15380 663964    0    0    88  1368 52363 42764 49 22 29  0  0 2026-09-22 10:43:32
 2  0      0 2243628  15380 664192    0    0     0   944 52325 40786 44 24 32  0  1 2026-09-22 10:43:33
 2  0      0 2243564  15380 664740    0    0    88  1148 53196 46757 48 22 31  0  0 2026-09-22 10:43:34
 0  0      0 2243564  15388 664844    0    0     0   700 23923 20006 22  8 70  0  0 2026-09-22 10:43:35
 0  0      0 2242052  15388 664780    0    0     0     0   95   84  1  1 99  0  0 2026-09-22 10:43:36
