procs -----------memory---------- ---swap-- -----io---- -system-- ------cpu----- -----timestamp-----
 r  b   swpd   free   buff  cache   si   so    bi    bo   in   cs us sy id wa st                 UTC
 1  0      0 2237456  20912 957124    0    0   171  1138 9560 6722 19  8 72  0  0 2026-09-22 10:30:11
 0  0      0 2236952  20912 957080    0    0     0     0  158  235  0  0 99  0  0 2026-09-22 10:30:12
 0  0      0 2220824  20912 957080    0    0     0     0 4381 3043  2  3 95  0  0 2026-09-22 10:30:13
 0  0      0 2220376  20912 957080    0    0     0     8 2285 1947  4  1 95  0  0 2026-09-22 10:30:14
 0  0      0 2474468  20924 677124    0    0     0    92 4582 6636  6  7 88  0  0 2026-09-22 10:30:15
 0  0      0 2474528  20924 677076    0    0     0     0   47   50  0  0 100  0  0 2026-09-22 10:30:16
 0  0      0 2473520  20924 677076    0    0     0     0 1003 1639  1  0 98  0  0 2026-09-22 10:30:17
 0  0      0 2473520  20924 677140    0    0     0     0   48   39  0  0 100  0  0 2026-09-22 10:30:18
 2  0      0 2473268  20924 677140    0    0     0     0  380  612  0  1 100  0  0 2026-09-22 10:30:19
 1  0      0 2399044  20940 684500    0    0     0  1780 42492 33700 47 20 33  0  0 2026-09-22 10:30:20
 4  0      0 2398204  20940 692680    0    0     0   972 43886 27339 59 19 22  0  0 2026-09-22 10:30:21
 4  0      0 2469588  20940 701040    0    0     0   820 43491 25470 59 21 20  0  0 2026-09-22 10:30:22
 3  0      0 2665884  20940 709588    0    0     0   408 43895 24871 59 23 18  0  0 2026-09-22 10:30:23
 4  0      0 2711272  20940 717940    0    0     0   872 43936 26528 54 24 21  0  1 2026-09-22 10:30:24
 4  0      0 2694648  20948 726276    0    0     0   684 44126 26449 58 24 18  0  0 2026-09-22 10:30:25
 4  0      0 2691964  20948 735076    0    0     0   140 44615 25180 62 22 16  0  0 2026-09-22 10:30:26
 4  0      0 2668188  20948 744060    0    0     0   972 43275 24849 57 24 19  0  0 2026-09-22 10:30:27
 5  0      0 2623652  20948 752884    0    0     0  1832 42895 21159 59 24 16  0  0 2026-09-22 10:30:28
 3  0      0 2595568  20948 761988    0    0     0   820 43412 23738 60 20 19  0  0 2026-09-22 10:30:29
 4  0      0 2567596  20956 771008    0    0     0  4316 43488 23790 60 21 18  0  0 2026-09-22 10:30:30
 5  0      0 2545596  20956 779912    0    0     0   932 44115 25957 59 22 18  0  0 2026-09-22 10:30:31
procs -----------memory---------- ---swap-- -----io---- -system-- ------cpu----- -----timestamp-----
 r  b   swpd   free   buff  cache   si   so    bi    bo   in   cs us sy id wa st                 UTC
 3  0      0 2522168  20956 788960    0    0     0  1024 42702 23411 62 19 19  0  0 2026-09-22 10:30:32
 3  0      0 2490400  20956 797452    0    0     0   752 44351 25745 56 26 18  0  0 2026-09-22 10:30:33
 3  0      0 2460228  20956 806332    0    0     0  1040 42649 26640 59 21 20  0  0 2026-09-22 10:30:34
 3  0      0 2448628  20964 815124    0    0     0  1552 43721 25772 57 24 19  0  0 2026-09-22 10:30:35
 7  0      0 2417324  20964 823388    0    0     0  3604 42096 24109 59 23 18  0  0 2026-09-22 10:30:36
 4  0      0 2380128  20964 831660    0    0     0  1380 41848 26451 54 27 19  0  0 2026-09-22 10:30:37
 4  0      0 2367048  20964 840272    0    0     0   820 43233 27276 56 21 23  0  0 2026-09-22 10:30:38
 3  0      0 2331132  20964 848612    0    0     0  1192 41394 24217 59 24 18  0  0 2026-09-22 10:30:39
 4  0      0 2322452  20972 857356    0    0     0  5740 42467 26677 60 21 19  0  0 2026-09-22 10:30:40
 7  1      0 2284744  20972 865736    0    0     0 58440 42505 26606 58 23 18  1  0 2026-09-22 10:30:41
 2  0      0 2276432  20972 874116    0    0     0  1376 44651 31110 55 25 19  0  1 2026-09-22 10:30:42
 2  0      0 2233924  20972 882396    0    0     0  1296 41052 28411 57 20 23  0  0 2026-09-22 10:30:43
 2  0      0 2225456  20972 890988    0    0     0   836 40787 25251 56 22 21  0  0 2026-09-22 10:30:44
 4  0      0 2210100  20980 899152    0    0     0  1892 42489 29775 58 20 22  0  0 2026-09-22 10:30:45
 4  0      0 2172420  20980 907376    0    0     0 100920 42037 28493 57 25 19  0  0 2026-09-22 10:30:46
 3  0      0 2163924  20980 915692    0    0     0  1296 42028 28075 54 24 22  0  0 2026-09-22 10:30:47
 2  0      0 2119136  20980 923612    0    0     0  1264 40572 25469 57 22 21  0  0 2026-09-22 10:30:48
 3  0      0 2108560  20980 932112    0    0     0  1120 42328 28959 61 20 19  0  0 2026-09-22 10:30:49
 2  0      0 2098036  20988 940620    0    0     0  3316 42782 28803 58 23 19  0  0 2026-09-22 10:30:50
 4  0      0 2048404  20988 948880    0    0     0   768 42301 29291 58 22 21  0  0 2026-09-22 10:30:51
 4  0      0 2040648  20988 955972    0    0     0  5644 41599 36656 51 19 30  1  0 2026-09-22 10:30:52
procs -----------memory---------- ---swap-- -----io---- -system-- ------cpu----- -----timestamp-----
 r  b   swpd   free   buff  cache   si   so    bi    bo   in   cs us sy id wa st                 UTC
 0  0      0 2033344  20988 963212    0    0     0   496 42093 40563 48 18 34  0  0 2026-09-22 10:30:53
 3  0      0 2024528  20988 969608    0    0     0   548 41048 38390 49 18 33  0  0 2026-09-22 10:30:54
 4  0      0 1991828  20992 971860    0    0     0   968 43150 40464 39 23 38  0  0 2026-09-22 10:30:55
 2  0      0 1974564  20992 972216    0    0     0   496 43552 42677 41 21 38  0  0 2026-09-22 10:30:56
 0  0      0 1974096  20992 972552    0    0     0   464 45389 45610 36 22 41  0  0 2026-09-22 10:30:57
 3  0      0 1974340  20992 972860    0    0     0   708 46032 46745 36 23 42  0  0 2026-09-22 10:30:58
 4  0      0 1974252  20992 973372    0    0     0   720 45739 45899 40 18 42  0  0 2026-09-22 10:30:59
 3  0      0 1977308  21000 973976    0    0     0  1052 46266 45416 43 21 36  1  0 2026-09-22 10:31:00
 4  0      0 1970060  21000 974328    0    0     0  4460 46481 46872 38 24 39  0  0 2026-09-22 10:31:01
 4  0      0 1941276  21000 974932    0    0     0   712 45929 44931 40 22 37  0  1 2026-09-22 10:31:02
 2  0      0 1923408  21000 975284    0    0     0   516 46092 42617 46 22 31  0  0 2026-09-22 10:31:03
 0  0      0 1922396  21000 975856    0    0     0   736 45057 44816 39 21 40  0  0 2026-09-22 10:31:04
 1  0      0 1921644  21008 976292    0    0     0  1004 45267 46619 39 21 39  0  0 2026-09-22 10:31:05
 3  0      0 1921452  21008 976692    0    0     0   680 46154 45257 41 19 40  0  0 2026-09-22 10:31:06
 1  0      0 1920948  21008 977176    0    0     0   504 47094 45852 43 22 35  0  0 2026-09-22 10:31:07
 4  0      0 1920236  21008 977628    0    0     0   896 46305 46489 40 20 40  0  0 2026-09-22 10:31:08
 3  0      0 1919488  21008 978000    0    0     0   788 46649 46086 42 18 40  0  0 2026-09-22 10:31:09
 3  0      0 1916996  21016 978448    0    0     0   800 46499 43747 46 22 33  0  0 2026-09-22 10:31:10
 5  0      0 1914256  21016 978884    0    0     0   592 47456 45871 44 20 36  0  0 2026-09-22 10:31:11
 3  0      0 1910844  21016 979404    0    0     0 13824 45960 44586 40 22 38  1  0 2026-09-22 10:31:12
 1  0      0 1939628  21016 979904    0    0     0   948 46830 46158 39 24 37  0  0 2026-09-22 10:31:13
procs -----------memory---------- ---swap-- -----io---- -system-- ------cpu----- -----timestamp-----
 r  b   swpd   free   buff  cache   si   so    bi    bo   in   cs us sy id wa st                 UTC
 0  0      0 1936196  21016 980132    0    0     0   620 46328 44980 42 22 36  0  0 2026-09-22 10:31:14
 1  0      0 1928328  21024 980416    0    0     0   624 44083 45052 40 19 41  0  0 2026-09-22 10:31:15
 1  0      0 1921020  21024 981028    0    0     0  4328 46405 45148 42 23 35  0  0 2026-09-22 10:31:16
 0  0      0 1915564  21024 981356    0    0     0 37024 46267 43784 45 26 28  0  0 2026-09-22 10:31:17
 3  0      0 1915072  21024 981948    0    0     0   736 46892 44690 44 24 33  0  0 2026-09-22 10:31:18
 1  0      0 1914572  21024 982136    0    0     0   632 45533 44508 42 23 36  0  0 2026-09-22 10:31:19
 0  0      0 1922460  21032 982128    0    0     0   748 4206 3222  3  2 94  0  0 2026-09-22 10:31:20
 0  0      0 1901440  21032 982112    0    0     0  1916  681  944 13  4 83  0  0 2026-09-22 10:31:21
