procs -----------memory---------- ---swap-- -----io---- -system-- ------cpu----- -----timestamp-----
 r  b   swpd   free   buff  cache   si   so    bi    bo   in   cs us sy id wa st                 UTC
 1  0      0 3021668  31896 457704    0    0    63  1351 9387 2631 22  9 69  0  0 2026-09-22 10:30:11
 0  0      0 3019148  31896 457680    0    0     0     8  591  927  2  2 96  0  0 2026-09-22 10:30:12
 0  0      0 3019148  31896 457680    0    0     0  2676  454  615  0  1 99  1  0 2026-09-22 10:30:13
 0  0      0 3019148  31896 457680    0    0     0     0   40   48  0  0 100  0  0 2026-09-22 10:30:14
 0  0      0 3051184  31896 457680    0    0     0     0  738  368  1  0 99  0  1 2026-09-22 10:30:15
 0  0      0 3051232  31896 457700    0    0     0     0   62   68  0  0 100  0  0 2026-09-22 10:30:16
 0  0      0 3050728  31908 457300    0    0     0   176  211  123  0  0 99  0  0 2026-09-22 10:30:17
 1  0      0 3050728  31908 457220    0    0     0     8   45   45  0  0 100  0  0 2026-09-22 10:30:18
 2  0      0 3050476  31908 457220    0    0     0     0  161   98  0  0 99  0  0 2026-09-22 10:30:19
 2  0      0 3133368  31912 380132    0    0     0    60 40687 10749 43 25 33  0  0 2026-09-22 10:30:20
 3  0      0 3124884  31912 390404    0    0     0     0 48363 13352 47 24 29  0  0 2026-09-22 10:30:21
 1  0      0 3112976  31940 402548    0    0     0 11208 47741 12590 46 24 30  0  0 2026-09-22 10:30:22
 1  0      0 3099080  31940 413488    0    0     0  6888 48740 13555 42 29 29  0  0 2026-09-22 10:30:23
 3  0      0 3084192  31940 425548    0    0     0 11564 49366 13239 48 26 27  0  0 2026-09-22 10:30:24
 1  0      0 3073752  31940 435136    0    0     0 10668 48786 12641 51 25 24  0  0 2026-09-22 10:30:25
 4  0      0 3064980  31940 443584    0    0     0 13636 47485 12384 48 26 26  0  0 2026-09-22 10:30:26
 3  0      0 3055372  31972 451752    0    0     0 16712 47254 12041 49 26 25  1  0 2026-09-22 10:30:27
 3  0      0 3041064  31972 464972    0    0     0 15920 47603 11906 45 28 27  0  0 2026-09-22 10:30:28
 3  0      0 3036580  31972 469920    0    0     0 12984 48667 12522 47 28 25  0  0 2026-09-22 10:30:29
 4  0      0 3023752  31972 482284    0    0     0 19628 47953 11782 45 30 25  0  0 2026-09-22 10:30:30
 3  0      0 3018788  31984 485692    0    0     0 16480 46907 11278 50 27 23  0  0 2026-09-22 10:30:31
procs -----------memory---------- ---swap-- -----io---- -system-- ------cpu----- -----timestamp-----
 r  b   swpd   free   buff  cache   si   so    bi    bo   in   cs us sy id wa st                 UTC
 3  0      0 3013956  32028 491172    0    0     0 26604 47208 11726 49 29 22  0  0 2026-09-22 10:30:32
 3  0      0 3001524  32040 501228    0    0     0 20276 47585 11518 50 28 22  0  0 2026-09-22 10:30:33
 3  0      0 2987708  32048 507496    0    0     0 19260 47257 11766 48 29 24  0  0 2026-09-22 10:30:34
 3  0      0 2979568  32048 515836    0    0     0 22000 48638 11572 49 30 21  0  0 2026-09-22 10:30:35
 4  0      0 2972684  32052 522204    0    0     0 19876 47074 11734 50 27 23  0  0 2026-09-22 10:30:36
 2  0      0 2970184  32084 526708    0    0     0 25656 46342 10919 50 28 21  0  0 2026-09-22 10:30:37
 0  0      0 2963616  32084 530492    0    0     0 20916 47272 10206 50 31 19  0  0 2026-09-22 10:30:38
 2  0      0 2954728  32084 536560    0    0     0 21348 46113 10589 50 30 20  0  0 2026-09-22 10:30:39
 2  0      0 2952572  32088 540448    0    0     0 16540 46723 10890 55 24 21  1  0 2026-09-22 10:30:40
 3  1      0 2945344  32116 546144    0    0     0 19528 46243 11544 52 25 24  0  0 2026-09-22 10:30:41
 1  0      0 2936584  32124 553732    0    0     0 22168 45913 10864 50 29 21  0  0 2026-09-22 10:30:42
 2  0      0 2926704  32124 558296    0    0     0 17988 44535 10194 47 29 24  0  0 2026-09-22 10:30:43
 2  0      0 2920948  32132 559980    0    0     0 83580 46116 10883 49 27 22  1  0 2026-09-22 10:30:44
 2  0      0 2917208  32132 565312    0    0     0 17816 45750 9825 52 26 22  0  0 2026-09-22 10:30:45
 2  1      0 2908668  32168 571796    0    0     0 33152 44065 10294 45 29 25  0  1 2026-09-22 10:30:46
 2  0      0 2906412  32172 572780    0    0     0 18400 46945 10105 57 24 19  0  0 2026-09-22 10:30:47
 1  0      0 2903344  32172 574960    0    0     0 23420 45801 9988 56 25 18  0  0 2026-09-22 10:30:48
 2  0      0 2898372  32172 579040    0    0     0 21424 44246 10253 50 29 22  0  0 2026-09-22 10:30:49
 2  0      0 2895224  32172 584832    0    0     0 22948 45734 10277 51 29 20  0  0 2026-09-22 10:30:50
 1  2      0 2887988  32204 590156    0    0     0 27468 46672 10684 49 28 22  1  0 2026-09-22 10:30:51
 2  0      0 2885276  32208 593612    0    0     0 19824 42572 6816 68 21 11  0  0 2026-09-22 10:30:52
procs -----------memory---------- ---swap-- -----io---- -system-- ------cpu----- -----timestamp-----
 r  b   swpd   free   buff  cache   si   so    bi    bo   in   cs us sy id wa st                 UTC
 2  0      0 2879028  32208 600440    0    0     0 17236 41111 5625 65 26  9  0  0 2026-09-22 10:30:53
 2  0      0 2873848  32208 606384    0    0     0 16708 38335 5654 64 23 13  0  0 2026-09-22 10:30:54
 2  0      0 2867292  32208 612220    0    0     0 20540 40490 7729 54 26 20  0  0 2026-09-22 10:30:55
 0  1      0 2865520  32236 615588    0    0     0 27444 40856 7858 58 23 20  0  0 2026-09-22 10:30:56
 1  0      0 2860440  32240 618284    0    0     0 19404 41945 8162 60 25 15  0  0 2026-09-22 10:30:57
 2  0      0 2860804  32240 617304    0    0     0 26532 41996 7173 62 27 12  0  0 2026-09-22 10:30:58
 2  0      0 2855804  32240 623416    0    0     0 24512 41569 7544 62 25 13  1  0 2026-09-22 10:30:59
 2  0      0 2851672  32244 630428    0    0     0 17988 41171 8384 61 23 16  0  0 2026-09-22 10:31:00
 1  3      0 2843368  32280 638344    0    0     0 23488 41791 7487 60 26 14  0  1 2026-09-22 10:31:01
 2  0      0 2835012  32284 646972    0    0     0 27464 42178 7990 57 30 14  0  0 2026-09-22 10:31:02
 2  0      0 2832340  32284 647768    0    0     0 19800 42620 8854 55 27 18  0  0 2026-09-22 10:31:03
 2  0      0 2831016  32284 648364    0    0     0 21260 41544 7490 63 25 13  0  0 2026-09-22 10:31:04
 2  0      0 2823584  32284 652496    0    0     0 15448 41295 7479 62 24 14  0  0 2026-09-22 10:31:05
 2  0      0 2815684  32320 657692    0    0     0 25432 42211 7729 63 22 14  0  0 2026-09-22 10:31:06
 2  0      0 2805272  32320 667088    0    0     0 27784 41345 8466 59 26 14  0  0 2026-09-22 10:31:07
 2  0      0 2802716  32320 667692    0    0     0 18108 41184 7616 59 26 15  0  0 2026-09-22 10:31:08
 4  0      0 2793560  32320 676904    0    0     0 24936 43110 7392 61 27 12  0  0 2026-09-22 10:31:09
 1  0      0 2791400  32320 676796    0    0     0 18748 42710 9182 57 25 18  0  0 2026-09-22 10:31:10
 3  0      0 2786608  32356 684060    0    0     0 28144 41464 8662 61 19 19  1  0 2026-09-22 10:31:11
 1  0      0 2783456  32356 680760    0    0     0 26112 40324 7389 63 25 12  0  0 2026-09-22 10:31:12
 2  0      0 2781704  32356 684056    0    0     0 27308 41413 8071 61 26 14  0  0 2026-09-22 10:31:13
procs -----------memory---------- ---swap-- -----io---- -system-- ------cpu----- -----timestamp-----
 r  b   swpd   free   buff  cache   si   so    bi    bo   in   cs us sy id wa st                 UTC
 2  0      0 2778900  32356 688668    0    0     0 21376 40516 7544 64 23 13  0  0 2026-09-22 10:31:14
 1  0      0 2772668  32356 691772    0    0     0 94396 40742 7177 60 25 12  2  0 2026-09-22 10:31:15
 2  0      0 2797204  32396 693956    0    0     0 34544 42334 7364 59 29 12  0  0 2026-09-22 10:31:16
 2  0      0 2791952  32396 699540    0    0     0 26020 42364 8909 58 26 17  0  0 2026-09-22 10:31:17
 2  0      0 2784944  32396 705384    0    0     0 28472 43059 8355 58 28 14  0  0 2026-09-22 10:31:18
 2  0      0 2778144  32396 707144    0    0     0 23456 41695 7168 62 26 12  0  0 2026-09-22 10:31:19
 0  0      0 2796116  32396 704808    0    0     0   736 8229  899  5  5 90  0  0 2026-09-22 10:31:20
 2  1      0 2742208  32428 704324    0    0     0  7680  472  756 30  6 64  0  0 2026-09-22 10:31:21
