procs -----------memory---------- ---swap-- -----io---- -system-- ------cpu----- -----timestamp-----
 r  b   swpd   free   buff  cache   si   so    bi    bo   in   cs us sy id wa st                 UTC
 1  0      0 1672840  98544 1522212    0    0   105  1553 2464 5575 26  8 62  3  0 2026-09-22 09:05:08
 0  0      0 1672840  98544 1522224    0    0     0     0  850 1433  3  2 95  0  0 2026-09-22 09:05:09
 0  0      0 1672840  98544 1522224    0    0     0    76 2367 2511  2  3 95  0  0 2026-09-22 09:05:10
 0  0      0 1671944  98544 1522224    0    0     0     0 4206 3215  3  2 95  0  0 2026-09-22 09:05:11
 0  0      0 1670740  98544 1522224    0    0     0    12 4441 6347  5  3 92  0  0 2026-09-22 09:05:12
 0  0      0 1670740  98544 1522240    0    0     0    16 6960 11168  3  2 95  0  0 2026-09-22 09:05:13
 0  0      0 1670740  98544 1522240    0    0     0     0  277  451  0  0 100  0  0 2026-09-22 09:05:14
 0  0      0 1670740  98544 1522260    0    0     0   112 2412 3793  2  1 97  0  0 2026-09-22 09:05:15
 0  0      0 1670740  98544 1522260    0    0     0     0  250  404  0  0 100  0  0 2026-09-22 09:05:16
 3  0      0 1670260  98544 1522668    0    0     0     0 13053 14478 22  7 71  0  0 2026-09-22 09:05:17
 3  0      0 1669092  98544 1523644    0    0     0     0 31383 10884 67 33  1  0  0 2026-09-22 09:05:18
 4  0      0 1662860  98544 1524776    0    0     0    16 30273 8133 71 29  0  0  0 2026-09-22 09:05:19
 3  0      0 1656308  98544 1525904    0    0     0    48 30709 9155 67 33  1  0  0 2026-09-22 09:05:20
 1  0      0 1647748  98544 1527020    0    0     0     0 30173 7901 70 29  1  0  0 2026-09-22 09:05:21
 6  0      0 1634444  98544 1527996    0    0     0     4 30962 7062 67 32  1  0  0 2026-09-22 09:05:22
 4  0      0 1622236  98544 1529052    0    0     0     0 31580 8697 64 36  0  0  0 2026-09-22 09:05:23
 5  0      0 1611936  98544 1530032    0    0     0    24 31580 7162 68 31  0  0  0 2026-09-22 09:05:24
 3  0      0 1600092  98544 1530816    0    0     0    48 31479 9011 69 30  2  0  0 2026-09-22 09:05:25
 3  0      0 1587840  98544 1531764    0    0     0     0 32049 8965 68 32  0  0  0 2026-09-22 09:05:26
 3  0      0 1579348  98544 1532548    0    0     0     0 32599 8497 66 33  1  0  0 2026-09-22 09:05:27
 4  0      0 1569020  98544 1533476    0    0     0     0 32415 6903 67 33  0  0  0 2026-09-22 09:05:28
procs -----------memory---------- ---swap-- -----io---- -system-- ------cpu----- -----timestamp-----
 r  b   swpd   free   buff  cache   si   so    bi    bo   in   cs us sy id wa st                 UTC
 4  0      0 1556508  98544 1534400    0    0     0    24 32653 9041 65 35  0  0  0 2026-09-22 09:05:29
 5  0      0 1544776  98544 1535116    0    0     0    56 31542 7196 69 30  1  0  0 2026-09-22 09:05:30
 4  0      0 1538252  98544 1535884    0    0     0     0 32383 7664 72 29  0  0  0 2026-09-22 09:05:31
 5  0      0 1526436  98544 1536876    0    0     0     0 32246 7943 68 32  0  0  0 2026-09-22 09:05:32
 6  0      0 1520388  98544 1537756    0    0     0  1424 32193 7882 72 28  1  0  0 2026-09-22 09:05:33
 4  0      0 1506068  98544 1538508    0    0     0     0 32014 7977 75 25  1  0  0 2026-09-22 09:05:34
 6  0      0 1500020  98544 1539280    0    0     0 15300 31603 7199 70 28  1  1  0 2026-09-22 09:05:35
 5  0      0 1491488  98544 1540016    0    0     0     0 31385 7327 72 28  0  0  0 2026-09-22 09:05:36
 4  0      0 1483172  98544 1540600    0    0     0     0 32070 9054 76 24  0  0  0 2026-09-22 09:05:37
 5  0      0 1472336  98544 1541344    0    0     0     0 32960 11190 73 26  0  0  0 2026-09-22 09:05:38
 6  0      0 1465784  98544 1542004    0    0     0     0 31977 9268 71 29  0  0  0 2026-09-22 09:05:39
 5  0      0 1459232  98544 1542616    0    0     0  3564 32827 10195 72 28  0  0  0 2026-09-22 09:05:40
 5  0      0 1450412  98544 1543312    0    0     0     0 32734 10903 74 26  1  0  0 2026-09-22 09:05:41
 5  0      0 1438824  98544 1543988    0    0     0     0 32982 10391 70 30  0  0  0 2026-09-22 09:05:42
 4  0      0 1428284  98544 1544700    0    0     0     0 32520 10446 74 26  0  0  0 2026-09-22 09:05:43
 6  0      0 1420432  98544 1545296    0    0     0     0 32428 10194 71 29  0  0  0 2026-09-22 09:05:44
 6  0      0 1416448  98544 1546160    0    0     0    68 32775 10962 75 25  0  0  0 2026-09-22 09:05:45
 6  0      0 1403604  98544 1546836    0    0     0    28 32687 11777 72 27  2  0  0 2026-09-22 09:05:46
 4  0      0 1389620  98544 1547432    0    0     0     0 32294 10440 72 27  1  0  0 2026-09-22 09:05:47
 5  0      0 1387252  98544 1548152    0    0     0     0 33351 12820 72 27  1  0  0 2026-09-22 09:05:48
 5  0      0 1375988  98544 1548932    0    0     0     0 31976 10782 75 25  0  0  0 2026-09-22 09:05:49
procs -----------memory---------- ---swap-- -----io---- -system-- ------cpu----- -----timestamp-----
 r  b   swpd   free   buff  cache   si   so    bi    bo   in   cs us sy id wa st                 UTC
 5  0      0 1361996  98544 1549628    0    0     0    52 31604 7573 71 28  1  0  0 2026-09-22 09:05:50
 6  0      0 1361016  98544 1550284    0    0     0    80 32987 12501 74 26  1  0  0 2026-09-22 09:05:51
 4  0      0 1346620  98544 1550984    0    0     0     0 31990 8672 73 27  1  0  0 2026-09-22 09:05:52
 4  0      0 1333596  98544 1551444    0    0     0     0 31980 9615 74 26  0  0  0 2026-09-22 09:05:53
 5  0      0 1329816  98544 1552212    0    0     0     0 31830 8395 74 26  0  0  0 2026-09-22 09:05:54
 5  0      0 1313864  98544 1552920    0    0     0    52 32449 11384 72 28  0  1  0 2026-09-22 09:05:55
 6  0      0 1312632  98544 1553604    0    0     0     0 32392 10143 71 29  0  0  0 2026-09-22 09:05:56
 5  0      0 1298520  98544 1554296    0    0     0    20 31201 10359 72 27  1  0  0 2026-09-22 09:05:57
 5  0      0 1297764  98544 1555024    0    0     0     0 33022 11407 73 26  0  0  0 2026-09-22 09:05:58
 6  0      0 1280880  98544 1555680    0    0     0     0 31614 9229 72 28  0  0  0 2026-09-22 09:05:59
 6  0      0 1279628  98544 1556292    0    0     0    40 32913 12147 73 27  0  0  0 2026-09-22 09:06:00
 5  0      0 1261732  98544 1557060    0    0     0     0 32059 10758 71 29  1  0  0 2026-09-22 09:06:01
 5  0      0 1261488  98544 1557744    0    0     0    24 31881 9391 73 27  0  0  0 2026-09-22 09:06:02
 5  0      0 1245612  98544 1558440    0    0     0     0 32019 9952 73 27  0  0  0 2026-09-22 09:06:03
 4  0      0 1244348  98544 1559312    0    0     0     0 32155 10137 73 26  0  0  0 2026-09-22 09:06:04
 5  0      0 1225192  98544 1559824    0    0     0    68 31139 7729 71 29  0  0  0 2026-09-22 09:06:05
 5  0      0 1224692  98544 1560608    0    0     0     8 32672 9912 72 28  0  0  0 2026-09-22 09:06:06
 5  0      0 1207148  98544 1561084    0    0     0     0 32016 10292 76 24  0  0  0 2026-09-22 09:06:07
 4  0      0 1206144  98544 1561868    0    0     0    24 33205 10906 73 27  0  0  0 2026-09-22 09:06:08
 5  0      0 1186132  98544 1562464    0    0     0     0 32231 10441 75 26  0  0  0 2026-09-22 09:06:09
 6  0      0 1184872  98544 1563264    0    0     0    60 32261 9768 73 27  1  0  0 2026-09-22 09:06:10
procs -----------memory---------- ---swap-- -----io---- -system-- ------cpu----- -----timestamp-----
 r  b   swpd   free   buff  cache   si   so    bi    bo   in   cs us sy id wa st                 UTC
 4  0      0 1180588  98544 1564216    0    0     0 21132 31353 8757 76 23  0  1  0 2026-09-22 09:06:11
 4  0      0 1165216  98544 1564656    0    0     0     8 32187 8206 74 27  0  0  0 2026-09-22 09:06:12
 3  0      0 1163760  98544 1565540    0    0     0    20 33662 13709 76 24  0  0  0 2026-09-22 09:06:13
 5  0      0 1144640  98544 1566152    0    0     0     0 32781 11024 69 31  0  0  0 2026-09-22 09:06:14
 5  0      0 1141640  98544 1566752    0    0     0    68 32301 9381 73 26  1  0  0 2026-09-22 09:06:15
 4  0      0 1139288  98544 1567500    0    0     0     0 32307 9650 74 26  0  0  0 2026-09-22 09:06:16
 1  0      0 1116216  98544 1567844    0    0     0     0 21058 6660 48 17 36  0  0 2026-09-22 09:06:17
 1  0      0 1115460  98544 1566480    0    0     0     0 3466  577  1  3 96  0  0 2026-09-22 09:06:18
    0     0     0 31801 7174 70 30  0  0  0 2026-09-22 09:05:31
 4  0      0 1530436  98544 1536384    0    0     0     0 32486 8091 70 30  0  0  0 2026-09-22 09:05:32
 3  0      0 1521648  98544 1537276    0    0     0  1424 32296 7393 69 31  1  0  0 2026-09-22 09:05:33
 6  0      0 1513372  98544 1538056    0    0     0     0 32013 8257 75 26  0  0  0 2026-09-22 09:05:34
 5  0      0 1505564  98544 1538908    0    0     0    92 32019 6958 73 27  0  0  0 2026-09-22 09:05:35
 5  0      0 1499772  98544 1539580    0    0     0 15208 31603 7762 71 27  1  1  0 2026-09-22 09:05:36
 3  0      0 1490984  98544 1540216    0    0     0     0 31122 7486 73 27  0  0  0 2026-09-22 09:05:37
 4  0      0 1473596  98544 1541000    0    0     0     0 32622 10545 76 24  1  0  0 2026-09-22 09:05:38
 5  0      0 1466540  98544 1541544    0    0     0     0 32586 10007 72 28  0  0  0 2026-09-22 09:05:39
 4  0      0 1459984  98544 1542204    0    0     0    52 32251 9704 71 29  0  0  0 2026-09-22 09:05:40
 4  0      0 1454444  98544 1543016    0    0     0  3512 33264 11590 75 25  0  0  0 2026-09-22 09:05:41
 3  0      0 1449912  98544 1543712    0    0     0     0 32677 9865 71 29  0  0  0 2026-09-22 09:05:42
 5  0      0 1438600  98544 1544388    0    0     0     0 32715 10902 73 28  0  0  0 2026-09-22 09:05:43
procs -----------memory---------- ---swap-- -----io---- -system-- ------cpu----- -----timestamp-----
 r  b   swpd   free   buff  cache   si   so    bi    bo   in   cs us sy id wa st                 UTC
 3  0      0 1427816  98544 1545000    0    0     0     0 32442 9294 70 30  0  0  0 2026-09-22 09:05:44
 4  0      0 1417428  98544 1545596    0    0     0    68 32566 11359 73 27  0  0  0 2026-09-22 09:05:45
 4  0      0 1405032  98544 1546460    0    0     0    28 32067 10144 74 25  1  0  0 2026-09-22 09:05:46
 4  0      0 1402880  98544 1547136    0    0     0     0 33795 12817 73 27  0  0  0 2026-09-22 09:05:47
 4  0      0 1387980  98544 1547832    0    0     0     0 31423 9486 72 28  1  0  0 2026-09-22 09:05:48
 4  0      0 1376688  98544 1548452    0    0     0     0 33045 12620 73 26  1  0  0 2026-09-22 09:05:49
 3  0      0 1374588  98544 1549132    0    0     0    52 32428 9637 72 28  0  0  0 2026-09-22 09:05:50
 4  0      0 1361492  98544 1549928    0    0     0    60 31989 10605 76 24  1  0  0 2026-09-22 09:05:51
 5  0      0 1347124  98544 1550484    0    0     0    20 32280 10221 74 26  1  0  0 2026-09-22 09:05:52
 3  0      0 1346116  98544 1551084    0    0     0     0 32571 9437 73 27  0  0  0 2026-09-22 09:05:53
 5  0      0 1331244  98544 1551744    0    0     0     0 31486 8981 75 25  0  0  0 2026-09-22 09:05:54
 4  0      0 1329116  98544 1552712    0    0     0    52 32863 10404 71 29  0  1  0 2026-09-22 09:05:55
 3  0      0 1313136  98544 1553220    0    0     0     0 31654 9798 70 30  0  0  0 2026-09-22 09:05:56
 4  0      0 1304316  98544 1554004    0    0     0    20 32334 10377 73 27  0  0  0 2026-09-22 09:05:57
 4  0      0 1298016  98544 1554596    0    0     0     0 31531 10684 73 26  2  0  0 2026-09-22 09:05:58
 4  0      0 1281384  98544 1555224    0    0     0     0 32236 9816 72 28  0  0  0 2026-09-22 09:05:59
 3  0      0 1280628  98544 1555880    0    0     0    40 32518 10830 73 27  0  0  0 2026-09-22 09:06:00
 4  0      0 1262992  98544 1556792    0    0     0     0 32116 11383 73 27  0  0  0 2026-09-22 09:06:01
 4  0      0 1261732  98544 1557360    0    0     0     0 32669 11293 69 31  0  0  0 2026-09-22 09:06:02
 5  0      0 1246620  98544 1558044    0    0     0    24 31364 8640 74 26  0  0  1 2026-09-22 09:06:03
 4  0      0 1245360  98544 1558640    0    0     0     0 32039 10133 75 26  0  0  0 2026-09-22 09:06:04
procs -----------memory---------- ---swap-- -----io---- -system-- ------cpu----- -----timestamp-----
 r  b   swpd   free   buff  cache   si   so    bi    bo   in   cs us sy id wa st                 UTC
 2  0      0 1225948  98544 1559612    0    0     0    68 31953 9269 72 28  1  0  0 2026-09-22 09:06:05
 4  0      0 1224944  98544 1560124    0    0     0     0 31849 8474 71 30  0  0  0 2026-09-22 09:06:06
 4  0      0 1216644  98544 1560908    0    0     0     8 32867 10595 75 25  0  0  0 2026-09-22 09:06:07
 3  0      0 1206896  98544 1561584    0    0     0    24 32217 9570 73 27  1  0  0 2026-09-22 09:06:08
 5  0      0 1205224  98544 1562168    0    0     0     0 32891 11428 75 25  0  0  0 2026-09-22 09:06:09
 5  0      0 1185628  98544 1562864    0    0     0    60 31714 9722 73 27  0  0  0 2026-09-22 09:06:10
 5  0      0 1184872  98544 1563664    0    0     0     0 32375 10010 74 27  0  0  0 2026-09-22 09:06:11
 4  0      0 1165720  98544 1564416    0    0     0 21132 31628 8763 76 24  0  1  0 2026-09-22 09:06:12
 4  0      0 1164460  98544 1565156    0    0     0     8 32171 8908 75 26  0  0  0 2026-09-22 09:06:13
 6  0      0 1163508  98544 1565640    0    0     0    20 34181 14560 72 28  0  0  0 2026-09-22 09:06:14
 5  0      0 1143716  98544 1566352    0    0     0    68 32156 9106 74 26  0  0  0 2026-09-22 09:06:15
 5  0      0 1140240  98544 1567052    0    0     0     0 32465 10573 70 29  1  0  0 2026-09-22 09:06:16
 4  0      0 1116940  98544 1567800    0    0     0     0 32015 8953 74 26  0  0  0 2026-09-22 09:06:17
 2  0      0 1115964  98544 1567844    0    0     0     0 7880 2946 16  6 79  0  0 2026-09-22 09:06:18
 0  0      0 1115460  98544 1566480    0    0     0    28 2917  431  2  2 97  0  0 2026-09-22 09:06:19
