procs -----------memory---------- ---swap-- -----io---- -system-- ------cpu----- -----timestamp-----
 r  b   swpd   free   buff  cache   si   so    bi    bo   in   cs us sy id wa st                 UTC
 1  0      0 12861192  57156 2608336    0    0    68   368  225  212 10  2 87  1  0 2026-09-22 08:35:23
 1  0      0 12743080  57460 2679368    0    0     4  6148 3993 4053  8  6 84  2  0 2026-09-22 08:35:24
 1  0      0 12722348  57460 2679540    0    0     0     0 1027  839 11  2 87  0  0 2026-09-22 08:35:25
 1  0      0 12698420  57460 2679588    0    0     0  1364  952  447 11  1 87  0  0 2026-09-22 08:35:26
 1  0      0 12692800  57460 2679588    0    0     0     0 1370  631 10  2 87  0  0 2026-09-22 08:35:27
 1  0      0 12694916  57460 2679668    0    0     0  1308 1619  945 11  2 87  0  0 2026-09-22 08:35:28
 1  0      0 12824524  57468 2608940    0    0     0   200 1102  653 11  1 88  0  0 2026-09-22 08:35:29
 0  1      0 12824444  57664 2609568    0    0     8  3420 1446 1277 10  2 87  1  0 2026-09-22 08:35:30
 1  0      0 12717812  57672 2679812    0    0     0    52 1348 1120 10  3 87  0  0 2026-09-22 08:35:31
 1  0      0 12696888  57672 2679812    0    0     0     4  514  215 12  1 87  0  0 2026-09-22 08:35:32
 1  0      0 12692868  57672 2679860    0    0     0     0 1343  604 10  2 87  0  0 2026-09-22 08:35:33
 2  0      0 12687072  57672 2679924    0    0     0     8 1343  648 11  2 87  0  0 2026-09-22 08:35:34
 1  0      0 12765176  57672 2679364    0    0     0     4 1382  758 10  2 88  0  0 2026-09-22 08:35:35
 1  0      0 12822076  57676 2608960    0    0     0   116  655  346 12  1 87  0  0 2026-09-22 08:35:36
 1  0      0 12733848  57924 2680536    0    0     8  3896 2413 2127  7  4 87  2  0 2026-09-22 08:35:37
 1  0      0 12717228  57924 2680536    0    0     0     4  423  151 12  0 87  0  0 2026-09-22 08:35:38
 1  0      0 12696600  57924 2680564    0    0     0     0 1193  622 11  2 87  0  0 2026-09-22 08:35:39
 1  0      0 12685036  57924 2680468    0    0     0     0 1794 1188 10  3 87  0  0 2026-09-22 08:35:40
 1  0      0 12680024  57924 2680468    0    0     0     0 1366  696 11  2 87  0  0 2026-09-22 08:35:41
 1  0      0 12830508  57932 2609680    0    0     0   160  833  528 10  1 89  0  0 2026-09-22 08:35:42
 0  1      0 12793184  58452 2618332    0    0   224  7468 5331 7913  7  3 87  4  0 2026-09-22 08:35:43
procs -----------memory---------- ---swap-- -----io---- -system-- ------cpu----- -----timestamp-----
 r  b   swpd   free   buff  cache   si   so    bi    bo   in   cs us sy id wa st                 UTC
 1  0      0 12714504  58668 2691312    0    0    44  5504 2501 2774  8  4 87  1  0 2026-09-22 08:35:44
 1  0      0 12697884  58668 2691312    0    0     0     4  511  269 12  0 87  0  0 2026-09-22 08:35:45
 1  0      0 12681012  58668 2691312    0    0     0     0 1277  641 10  2 88  0  0 2026-09-22 08:35:46
 1  0      0 12670944  58668 2691328    0    0     0     0 2113 1742 11  2 87  0  0 2026-09-22 08:35:47
 1  0      0 12739972  58668 2690840    0    0     0     4 2391 1941 10  3 87  0  0 2026-09-22 08:35:48
 1  0      0 12821196  58672 2620404    0    0     0   104  637  328 12  1 87  0  0 2026-09-22 08:35:49
 0  1      0 12801840  59436 2622264    0    0   508 16300 3154 3534  8  3 87  2  0 2026-09-22 08:35:50
 1  0      0 12710784  59992 2711072    0    0   364 123072 7993 12765  7  4 85  4  0 2026-09-22 08:35:51
 0  1      0 12334584  60900 2726308    0    0  1672 18504 4599 6233  5  3 86  5  0 2026-09-22 08:35:52
 0  1      0 12329800  62412 2727008    0    0    32  7584 9457 14446  3  0 87 10  0 2026-09-22 08:35:53
 1  1      0 12298724  63816 2729032    0    0     0  6576 14083 19413 16  2 73  9  0 2026-09-22 08:35:54
 1  1      0 12269548  65156 2732060    0    0   712  7332 13650 17150 17  1 73  9  0 2026-09-22 08:35:55
 1  1      0 12254680  66400 2739052    0    0  1556 10448 12582 16140 18  1 71 10  0 2026-09-22 08:35:56
 1  1      0 12244864  67728 2743092    0    0    32 10296 12584 15543 16  1 72 11  0 2026-09-22 08:35:57
 1  1      0 12238592  69328 2744280    0    0     0  8984 12710 15498 15  1 73 12  0 2026-09-22 08:35:58
 3  0      0 12235064  70776 2745552    0    0     0  7188 13132 16848 16  1 73 11  0 2026-09-22 08:35:59
 2  0      0 12230024  71916 2747980    0    0     0  9704 10682 13480 15  1 73 12  0 2026-09-22 08:36:00
 1  1      0 12199836  73000 2756644    0    0  5756 11672 13801 17617 21  1 65 13  0 2026-09-22 08:36:01
 2  0      0 12192052  74164 2759056    0    0    96  8340 12407 16185 18  1 71 10  0 2026-09-22 08:36:02
 1  0      0 12177044  75028 2762416    0    0    16  9412 11855 15001 17  1 73  9  0 2026-09-22 08:36:03
 1  1      0 12172588  75412 2763972    0    0     0 10876 10671 14066 15  1 79  5  0 2026-09-22 08:36:04
procs -----------memory---------- ---swap-- -----io---- -system-- ------cpu----- -----timestamp-----
 r  b   swpd   free   buff  cache   si   so    bi    bo   in   cs us sy id wa st                 UTC
 1  1      0 12168704  76556 2769140    0    0     0 33752 17166 24724 14  1 69 16  0 2026-09-22 08:36:05
 1  0      0 12164196  77756 2772100    0    0     0 29492 16044 23476 14  1 73 13  0 2026-09-22 08:36:06
 2  0      0 12606916  77824 2759124    0    0     0   480 5798 6723 13  1 86  0  0 2026-09-22 08:36:07
 1  0      0 12233728  78384 2757564    0    0   368 16292 8962 9852 18  4 74  4  0 2026-09-22 08:36:08
 1  2      0 12221660  78712 2759148    0    0    16 11172 12627 17795 17  1 78  4  0 2026-09-22 08:36:09
 2  0      0 12605584  79064 2746756    0    0     0 16476 12724 17842 15  1 78  6  0 2026-09-22 08:36:10
 2  0      0 12516964  79220 2817636    0    0     4  6460 8842 9226 21  5 72  2  0 2026-09-22 08:36:11
 2  0      0 12500740  79220 2817928    0    0     0     4 6036 5171 25  1 74  0  0 2026-09-22 08:36:12
 2  0      0 12466496  79220 2817748    0    0     0     0 5993 4827 25  2 74  0  0 2026-09-22 08:36:13
 2  0      0 12466004  79220 2817716    0    0     0 68468 6573 5529 25  2 72  1  0 2026-09-22 08:36:14
 2  0      0 12465536  79220 2817764    0    0     0   256 6326 5250 25  2 73  0  0 2026-09-22 08:36:15
 2  0      0 12536872  79228 2817188    0    0     0   152 6239 5324 24  2 74  0  0 2026-09-22 08:36:16
 3  0      0 12615176  79228 2746624    0    0     0    36 5867 4860 25  2 73  0  0 2026-09-22 08:36:17
 2  0      0 12510616  79460 2817724    0    0     8  5808 6968 6492 20  5 73  2  0 2026-09-22 08:36:18
 2  0      0 12493800  79460 2817724    0    0     0     0 5868 4896 26  1 73  0  0 2026-09-22 08:36:19
 2  0      0 12476732  79460 2817788    0    0     0     0 5753 4625 25  2 73  0  0 2026-09-22 08:36:20
 2  0      0 12467980  79460 2817740    0    0     0     4 5871 4708 24  3 73  0  0 2026-09-22 08:36:21
 3  0      0 12463600  79460 2817724    0    0     0     0 6851 5457 24  3 73  0  0 2026-09-22 08:36:22
 3  0      0 12620960  79464 2746844    0    0     0   120 6075 4969 24  2 74  0  0 2026-09-22 08:36:23
 2  0      0 12589824  79564 2747048    0    0    16  3028 6981 6268 23  3 73  1  0 2026-09-22 08:36:24
 2  0      0 12502428  79584 2818000    0    0     0   996 6552 5813 23  3 73  0  0 2026-09-22 08:36:25
procs -----------memory---------- ---swap-- -----io---- -system-- ------cpu----- -----timestamp-----
 r  b   swpd   free   buff  cache   si   so    bi    bo   in   cs us sy id wa st                 UTC
 2  0      0 12484044  79584 2818016    0    0     0     8 5663 4554 25  1 74  0  0 2026-09-22 08:36:26
 2  0      0 12481012  79584 2818148    0    0     0     8 6514 5222 24  3 73  0  0 2026-09-22 08:36:27
 2  0      0 12461172  79584 2818116    0    0     0     0 6019 4813 24  3 73  0  0 2026-09-22 08:36:28
 2  0      0 12530912  79584 2817556    0    0     0     4 7695 6246 23  3 73  0  0 2026-09-22 08:36:29
 2  0      0 12596660  79588 2747060    0    0     0   964 6080 5418 26  1 73  0  0 2026-09-22 08:36:30
 3  0      0 12515620  79712 2818488    0    0     8  3760 6897 6442 20  5 73  1  0 2026-09-22 08:36:31
 2  0      0 12507316  79712 2818532    0    0     0     8 6835 6433 26  1 73  0  0 2026-09-22 08:36:32
 2  0      0 12466836  79712 2818496    0    0     0     0 5600 4431 25  2 73  0  0 2026-09-22 08:36:33
 4  0      0 12466080  79712 2818588    0    0     0     0 5595 4721 25  2 74  0  0 2026-09-22 08:36:34
 2  0      0 12465808  79712 2818572    0    0     0   780 5630 4427 24  3 73  0  0 2026-09-22 08:36:35
 2  0      0 12624864  79716 2747708    0    0     0   168 5361 4532 24  2 74  0  0 2026-09-22 08:36:36
 1  1      0 12620088  79808 2747944    0    0     8  2044 6038 5354 23  3 74  1  0 2026-09-22 08:36:37
 2  0      0 12512696  79844 2818600    0    0     0  1328 6048 5420 23  4 73  0  0 2026-09-22 08:36:38
 2  0      0 12484528  79844 2818600    0    0     0     0 5270 4337 26  1 73  0  0 2026-09-22 08:36:40
 2  0      0 12473228  79844 2818632    0    0     0     8 6280 5182 24  2 74  0  0 2026-09-22 08:36:41
 2  0      0 12472976  79844 2818632    0    0     0     4 6105 4926 24  3 73  0  0 2026-09-22 08:36:42
 3  0      0 12531600  79844 2818128    0    0     0     8 5752 5015 24  3 74  0  0 2026-09-22 08:36:43
 3  0      0 12597644  79852 2747644    0    0     0   132 6375 5308 26  1 73  0  0 2026-09-22 08:36:44
 2  0      0 12461168  79992 2818400    0    0    12  8264 6418 5974 21  5 73  1  0 2026-09-22 08:36:45
 2  0      0 12504656  79992 2818692    0    0     0    20 7933 6832 25  3 72  0  0 2026-09-22 08:36:46
 2  0      0 12467704  79992 2818756    0    0     0     0 6467 5693 25  2 73  0  0 2026-09-22 08:36:47
procs -----------memory---------- ---swap-- -----io---- -system-- ------cpu----- -----timestamp-----
 r  b   swpd   free   buff  cache   si   so    bi    bo   in   cs us sy id wa st                 UTC
 2  0      0 12454108  79992 2818760    0    0     0     0 6493 5398 24  2 74  0  0 2026-09-22 08:36:48
 2  0      0 12453152  79992 2818760    0    0     0     4 6802 5964 25  2 73  0  0 2026-09-22 08:36:49
 2  0      0 12530488  79992 2818220    0    0     0   144 6226 5361 24  3 74  0  0 2026-09-22 08:36:50
 2  0      0 12590980  79992 2747964    0    0     0     0 5061 4110 25  2 74  0  0 2026-09-22 08:36:51
 2  0      0 12504796  80152 2823212    0    0    12  8600 6734 6527 20  4 73  2  0 2026-09-22 08:36:52
 2  0      0 12491244  80152 2823216    0    0     0     0 5153 4150 25  1 74  0  0 2026-09-22 08:36:53
 2  0      0 12460048  80152 2823228    0    0     0     0 5140 4105 25  2 73  0  0 2026-09-22 08:36:54
 2  0      0 12521240  80152 2823152    0    0     0    32 8097 16832 40  6 54  0  0 2026-09-22 08:36:55
