procs -----------memory---------- ---swap-- -----io---- -system-- ------cpu----- -----timestamp-----
 r  b   swpd   free   buff  cache   si   so    bi    bo   in   cs us sy id wa st                 UTC
 1  0      0 3005832  14384 344472    0    0  9605   719 1167 2165 13 22 58  7  1 2026-09-22 11:35:01
 0  0      0 3004836  14384 344672    0    0    72     0  312  510  1  0 99  0  0 2026-09-22 11:35:02
 0  0      0 3000000  16044 345104    0    0   160 15432 10998 17634  8  5 56 32  0 2026-09-22 11:35:03
 0  1      0 2948844  17488 351684    0    0    32 29084 8693 13155 13  5 58 23  0 2026-09-22 11:35:04
 0  0      0 2950084  18420 358252    0    0   160 24528 4231 6468 15  3 65 17  0 2026-09-22 11:35:05
 0  0      0 2950084  18428 358244    0    0     0    96  348  536  0  0 100  0  0 2026-09-22 11:35:06
 1  0      0 2950084  18428 358252    0    0     0  5448  690  961  0  1 98  2  0 2026-09-22 11:35:07
 0  0      0 2949832  18784 358224    0    0     0  6996  947 1769  0  1 92  8  0 2026-09-22 11:35:08
 0  0      0 2949832  18784 358252    0    0     0     0  260  447  0  0 100  0  0 2026-09-22 11:35:09
 3  0      0 2941520  19352 358892    0    0    80  9608 18752 19704 23  8 63  6  0 2026-09-22 11:35:10
 5  0      0 2920240  19488 359952    0    0    48  2628 23488 23589 30 11 57  2  0 2026-09-22 11:35:11
 1  0      0 2893444  19640 361648    0    0    16  1732 30773 28662 39 16 44  2  0 2026-09-22 11:35:12
 3  0      0 2886288  19880 363308    0    0    16 11580 32546 30795 41 15 41  3  0 2026-09-22 11:35:13
 5  0      0 2881752  20016 364832    0    0     0  9944 30609 28238 36 18 44  2  0 2026-09-22 11:35:14
 7  0      0 2876632  20088 366628    0    0     0  1316 32263 29644 37 16 46  1  0 2026-09-22 11:35:15
 1  0      0 2872260  20144 368316    0    0     0  1188 33424 30235 41 17 42  0  0 2026-09-22 11:35:16
10  0      0 2864696  20200 370180    0    0     0  2000 35631 31501 42 17 41  1  0 2026-09-22 11:35:17
 1  0      0 2861704  20248 371952    0    0     0  1268 33425 30029 39 19 41  0  0 2026-09-22 11:35:18
 5  0      0 2856940  20304 373444    0    0     0  1196 31255 28302 38 16 46  1  0 2026-09-22 11:35:19
 6  0      0 2848704  20408 375280    0    0     0 10552 34912 29562 38 19 42  2  0 2026-09-22 11:35:20
12  0      0 2844528  20440 376692    0    0     0  8000 32027 28535 38 15 46  1  0 2026-09-22 11:35:21
procs -----------memory---------- ---swap-- -----io---- -system-- ------cpu----- -----timestamp-----
 r  b   swpd   free   buff  cache   si   so    bi    bo   in   cs us sy id wa st                 UTC
 4  0      0 2838712  20468 378440    0    0     0  2076 34459 28637 42 17 40  0  0 2026-09-22 11:35:22
 8  0      0 2832408  20516 379976    0    0     0  2412 33517 27773 37 17 45  1  0 2026-09-22 11:35:23
 5  0      0 2834164  20560 381196    0    0     0  2376 31321 27184 37 19 44  0  0 2026-09-22 11:35:24
 4  0      0 2830440  20584 382572    0    0     0  1204 31145 26705 36 16 48  0  0 2026-09-22 11:35:25
 4  0      0 2825480  20616 383900    0    0     0  2004 31945 26888 39 14 48  1  0 2026-09-22 11:35:26
 6  0      0 2822580  20640 385160    0    0     0   896 28536 25105 32 15 52  1  0 2026-09-22 11:35:27
 4  0      0 2816756  20680 386512    0    0     0   960 31978 26134 35 14 51  0  0 2026-09-22 11:35:28
 6  0      0 2846748  20712 387780    0    0     0   980 31107 26571 36 14 49  1  0 2026-09-22 11:35:29
 1  0      0 2842252  20744 389244    0    0     0   980 31687 27080 40 12 47  1  0 2026-09-22 11:35:30
 0  0      0 2837492  20784 390648    0    0     0   996 34583 27439 39 15 45  1  0 2026-09-22 11:35:31
 0  0      0 2834612  20808 391944    0    0     0   844 31796 25514 35 17 48  0  0 2026-09-22 11:35:32
 7  0      0 2830160  20840 393188    0    0     0  1944 30604 24771 36 15 48  1  0 2026-09-22 11:35:33
 6  0      0 2828396  20856 394144    0    0     0   768 25898 21490 30 12 57  1  0 2026-09-22 11:35:34
 0  0      0 2827136  20928 395484    0    0     0  1016 30284 24376 36 14 49  1  0 2026-09-22 11:35:35
 0  0      0 2825916  20960 396312    0    0     0  1888 22777 20894 31 12 58  1  0 2026-09-22 11:35:36
 0  0      0 2824404  20992 397496    0    0     0   832 28222 23093 36 13 50  0  0 2026-09-22 11:35:37
 3  0      0 2821716  21032 398780    0    0     0   904 30166 24830 38 14 48  0  0 2026-09-22 11:35:38
 0  0      0 2820200  21064 399752    0    0     0   896 28436 23894 35 14 51  1  0 2026-09-22 11:35:39
 2  0      0 2818684  21088 400964    0    0     0   856 30422 24363 37 15 47  1  0 2026-09-22 11:35:40
 1  0      0 2816248  21112 402096    0    0     0   828 28592 22377 34 16 50  0  0 2026-09-22 11:35:41
 0  0      0 2814484  21152 403200    0    0     0 12412 27794 23259 33 14 53  1  0 2026-09-22 11:35:42
procs -----------memory---------- ---swap-- -----io---- -system-- ------cpu----- -----timestamp-----
 r  b   swpd   free   buff  cache   si   so    bi    bo   in   cs us sy id wa st                 UTC
 1  0      0 2812268  21176 404520    0    0     0   848 31140 25125 41 17 42  1  0 2026-09-22 11:35:43
11  0      0 2807984  21216 405668    0    0     0  1904 31943 25126 42 15 42  1  0 2026-09-22 11:35:44
 3  0      0 2803452  21256 406968    0    0     0  1940 32598 25413 44 15 41  0  0 2026-09-22 11:35:45
 1  0      0 2799980  21296 408244    0    0     0  1948 30674 24739 39 16 44  1  1 2026-09-22 11:35:46
 4  0      0 2797708  21328 409624    0    0     0   852 35386 25859 46 16 39  0  0 2026-09-22 11:35:47
 5  0      0 2795940  21368 410984    0    0     0  2168 31979 24815 45 15 40  1  0 2026-09-22 11:35:48
 0  0      0 2794428  21400 412076    0    0     0   836 30672 24881 39 19 41  0  0 2026-09-22 11:35:49
 1  0      0 2792668  21424 413216    0    0     0   848 31539 24509 42 14 44  0  0 2026-09-22 11:35:50
 2  0      0 2790456  21448 414536    0    0     0   836 32980 25045 43 18 38  0  0 2026-09-22 11:35:51
 3  1      0 2778220  28568 418076    0    0  7088   836 33175 27002 47 17 20 17  0 2026-09-22 11:35:52
 0  0      0 2773120  32332 420680    0    0  3740  1104 34496 26637 46 18 25 11  0 2026-09-22 11:35:53
 1  0      0 2769676  32364 422200    0    0     0  2140 34942 24498 44 19 37  1  0 2026-09-22 11:35:54
 0  0      0 2768164  32396 423348    0    0     0  1104 30645 24516 42 18 41  0  0 2026-09-22 11:35:55
 0  0      0 2766908  32428 424316    0    0     0  1060 29036 22789 44 13 43  0  0 2026-09-22 11:35:56
 6  0      0 2765284  32460 425232    0    0     0  1020 27670 22247 43 14 43  0  0 2026-09-22 11:35:57
 4  0      0 2763620  32492 426428    0    0     0  1032 31508 23559 43 18 39  0  0 2026-09-22 11:35:58
 2  0      0 2762112  32524 427508    0    0     0   848 30671 24156 45 15 40  0  0 2026-09-22 11:35:59
 1  0      0 2760848  32564 428508    0    0     0   932 29348 23649 40 17 42  0  0 2026-09-22 11:36:00
 1  0      0 2758128  32596 429872    0    0     0   740 33680 23233 43 19 39  0  0 2026-09-22 11:36:01
 1  0      0 2757376  32620 430952    0    0     0   788 31844 24374 42 18 39  1  0 2026-09-22 11:36:02
 0  0      0 2756116  32652 432036    0    0     0   824 29835 24024 39 15 46  0  0 2026-09-22 11:36:03
procs -----------memory---------- ---swap-- -----io---- -system-- ------cpu----- -----timestamp-----
 r  b   swpd   free   buff  cache   si   so    bi    bo   in   cs us sy id wa st                 UTC
 1  0      0 2753592  32748 433108    0    0     0  3852 29924 23222 42 16 41  1  0 2026-09-22 11:36:04
 1  0      0 2752360  32780 434276    0    0     0   768 31560 23340 43 16 41  1  0 2026-09-22 11:36:05
 1  0      0 2750844  32932 435456    0    0     0  4784 33651 24046 44 18 36  2  0 2026-09-22 11:36:06
 0  0      0 2748908  32976 436556    0    0     0 14872 31846 23799 41 19 40  1  0 2026-09-22 11:36:07
 4  0      0 2743788  33016 437628    0    0     0   788 32487 22551 44 18 37  0  0 2026-09-22 11:36:08
 3  0      0 2742388  33048 438628    0    0     0   736 28295 21554 40 15 45  0  0 2026-09-22 11:36:09
 0  0      0 2742136  33064 438152    0    0     0   444 6887 3998  7  3 89  0  0 2026-09-22 11:36:10
 3  1      0 2687720  33680 439140    0    0  1484   360 1041 2078 23  5 72  1  0 2026-09-22 11:36:11
 1  0      0 2696204  35360 444004    0    0  5115  7184 2606 5260 62 20 12  7  0 2026-09-22 11:36:12
