procs -----------memory---------- ---swap-- -----io---- -system-- ------cpu----- -----timestamp-----
 r  b   swpd   free   buff  cache   si   so    bi    bo   in   cs us sy id wa st                 UTC
 1  0      0 3081068  28580 444620    0    0   492  6074 9824 3181 21 14 65  1  0 2026-09-22 10:46:44
 0  0      0 3078960  28580 444704    0    0    12     0  605  947  2  2 96  0  0 2026-09-22 10:46:45
 0  0      0 3078960  28580 444704    0    0     0     0   85   76  0  0 100  0  0 2026-09-22 10:46:46
 0  0      0 3078960  28592 444692    0    0     0   152   40   50  1  0 100  0  0 2026-09-22 10:46:47
 0  0      0 3078960  28592 444704    0    0     0     4   47   47  0  0 100  0  0 2026-09-22 10:46:48
 0  0      0 3077568  28592 444724    0    0     0     0  816  421  1  1 99  0  0 2026-09-22 10:46:49
 0  0      0 3077568  28592 444724    0    0     0     8   44   47  0  0 100  0  0 2026-09-22 10:46:50
 0  0      0 3077568  28592 444476    0    0     0    44  614  398  1  1 99  0  0 2026-09-22 10:46:51
 1  0      0 3077568  28592 444476    0    0     0     0   34   43  0  0 100  0  0 2026-09-22 10:46:52
 3  0      0 3121316  28608 375296    0    0     0   120 25040 6009 26 16 57  0  0 2026-09-22 10:46:53
 3  0      0 3114764  28608 385664    0    0     0     0 47904 13743 45 25 30  0  0 2026-09-22 10:46:54
 3  0      0 3100612  28608 397244    0    0     0  5328 46097 13977 44 22 34  1  0 2026-09-22 10:46:55
 3  0      0 3085900  28608 409184    0    0     0  7356 47689 14019 42 25 32  0  0 2026-09-22 10:46:56
 4  1      0 3070964  28636 422148    0    0     0 14956 43050 13623 43 21 36  0  0 2026-09-22 10:46:57
 3  0      0 3064296  28640 432024    0    0     0 11476 47926 13684 47 24 29  0  0 2026-09-22 10:46:58
 1  0      0 3050472  28640 442520    0    0     0 15096 48590 13350 49 24 27  0  0 2026-09-22 10:46:59
 2  0      0 3040600  28640 452592    0    0     0 14208 43698 14061 40 26 33  0  0 2026-09-22 10:47:00
 4  0      0 3035704  28640 458856    0    0     0 17612 47849 13405 45 28 27  0  0 2026-09-22 10:47:01
 3  1      0 3027252  28668 465984    0    0     0 20280 42766 13497 42 22 35  0  0 2026-09-22 10:47:02
 2  0      0 3013868  28672 474936    0    0     0 20884 47233 12988 46 29 26  0  0 2026-09-22 10:47:03
 3  0      0 3013988  28672 478244    0    0     0 17188 45591 13041 45 27 28  0  0 2026-09-22 10:47:04
procs -----------memory---------- ---swap-- -----io---- -system-- ------cpu----- -----timestamp-----
 r  b   swpd   free   buff  cache   si   so    bi    bo   in   cs us sy id wa st                 UTC
 2  0      0 3006668  28672 489120    0    0     0 20684 44532 12808 45 25 30  0  0 2026-09-22 10:47:05
 3  0      0 3000036  28672 497840    0    0     0 21932 44658 12130 45 27 28  0  0 2026-09-22 10:47:06
 3  1      0 2997856  28704 503432    0    0     0 28308 46027 12825 41 30 28  1  1 2026-09-22 10:47:07
 1  0      0 2992620  28708 509592    0    0     0 22360 44032 13191 42 28 30  0  0 2026-09-22 10:47:08
 2  0      0 2987524  28708 516120    0    0     0 22660 44986 12555 46 26 28  0  0 2026-09-22 10:47:09
 2  0      0 2983232  28708 520816    0    0     0 18668 44557 12857 46 26 27  0  0 2026-09-22 10:47:10
 1  2      0 2977812  28760 526232    0    0    12 31936 43477 11663 49 27 24  0  0 2026-09-22 10:47:11
 2  0      0 2963564  28800 535244    0    0  2688 18768 41610 11240 50 27 23  0  0 2026-09-22 10:47:12
 2  0      0 2958560  28800 540792    0    0     0 20412 42438 11770 51 21 28  0  0 2026-09-22 10:47:13
 0  0      0 2956216  28800 546872    0    0     0 21596 45303 12230 47 27 26  0  0 2026-09-22 10:47:14
 2  0      0 2948620  28800 553716    0    0     0 18468 41405 12167 46 23 32  0  0 2026-09-22 10:47:15
 1  2      0 2946720  28832 553096    0    0     0 89840 43676 10846 47 28 23  2  0 2026-09-22 10:47:16
 2  0      0 2946348  28836 557480    0    0     0 20380 43541 11427 46 25 28  0  0 2026-09-22 10:47:17
 3  0      0 2939752  28836 561996    0    0     0 24216 41891 10494 52 26 22  0  0 2026-09-22 10:47:18
 2  0      0 2935004  28836 563996    0    0     0 22372 42254 11594 50 23 28  0  0 2026-09-22 10:47:19
 2  0      0 2931340  28836 569312    0    0     0 18420 42394 11499 46 25 29  0  0 2026-09-22 10:47:20
 1  2      0 2926716  28868 574064    0    0     0 31716 43410 11754 44 28 27  0  1 2026-09-22 10:47:21
 2  0      0 2921556  28872 579744    0    0     0 21088 44090 11544 45 28 26  1  0 2026-09-22 10:47:22
 1  0      0 2912668  28872 588304    0    0     0 18900 43498 11774 46 26 28  0  0 2026-09-22 10:47:23
 2  0      0 2909888  28872 589612    0    0     0 18148 40768 11670 42 27 31  0  0 2026-09-22 10:47:24
 2  0      0 2906660  28872 593604    0    0     0 26444 43567 11251 47 27 26  0  0 2026-09-22 10:47:25
procs -----------memory---------- ---swap-- -----io---- -system-- ------cpu----- -----timestamp-----
 r  b   swpd   free   buff  cache   si   so    bi    bo   in   cs us sy id wa st                 UTC
 1  2      0 2901112  28904 600056    0    0     0 29140 42418 11769 48 23 29  0  0 2026-09-22 10:47:26
 1  0      0 2894404  28908 601904    0    0     0 28868 46406 14649 37 31 32  0  0 2026-09-22 10:47:27
 0  0      0 2891840  28908 606608    0    0     0 22500 44396 15715 30 27 43  0  0 2026-09-22 10:47:28
 1  0      0 2887384  28908 613104    0    0     0 21908 42383 15702 33 23 44  0  0 2026-09-22 10:47:29
 2  0      0 2876564  28912 621544    0    0     0 24956 47397 15950 35 29 36  0  0 2026-09-22 10:47:30
 0  1      0 2871492  28948 628064    0    0     0 32712 45365 16579 30 30 40  1  0 2026-09-22 10:47:31
 2  0      0 2864160  28952 634172    0    0     0 24116 43989 15823 33 25 42  0  0 2026-09-22 10:47:32
 2  0      0 2851964  28952 644224    0    0     0 23096 42144 15995 31 27 43  0  0 2026-09-22 10:47:33
 0  0      0 2845716  28952 649124    0    0     0 31848 46942 15386 34 32 33  0  0 2026-09-22 10:47:34
 2  0      0 2840172  28952 655612    0    0     0 22900 44567 16440 32 25 42  0  1 2026-09-22 10:47:35
 2  0      0 2827112  28992 668180    0    0     0 37164 44381 15964 32 28 39  1  0 2026-09-22 10:47:36
 1  0      0 2823316  28992 666152    0    0     0 31296 45542 15933 35 27 38  0  0 2026-09-22 10:47:37
 2  0      0 2822788  28992 668228    0    0     0 27948 44178 15337 29 33 38  0  0 2026-09-22 10:47:38
 1  0      0 2821932  28992 669744    0    0     0 37000 47839 15742 36 30 34  0  0 2026-09-22 10:47:39
 2  0      0 2818596  28992 673944    0    0     0 26224 44635 15716 34 26 39  0  0 2026-09-22 10:47:40
 2  0      0 2806044  29032 684808    0    0     0 40640 43931 16435 30 28 41  1  0 2026-09-22 10:47:41
 1  0      0 2800328  29036 691076    0    0     0 22128 40499 15958 28 23 48  0  0 2026-09-22 10:47:42
 1  0      0 2793352  29036 695496    0    0     0 33888 44591 15813 32 28 40  0  0 2026-09-22 10:47:43
 2  0      0 2790448  29036 700756    0    0     0 24188 43835 16552 32 27 41  0  0 2026-09-22 10:47:44
 2  0      0 2779624  29036 707308    0    0     0 27020 42181 15723 29 28 43  0  0 2026-09-22 10:47:45
 2  1      0 2775588  29080 708036    0    0     0 48900 44759 15028 32 27 40  1  0 2026-09-22 10:47:46
procs -----------memory---------- ---swap-- -----io---- -system-- ------cpu----- -----timestamp-----
 r  b   swpd   free   buff  cache   si   so    bi    bo   in   cs us sy id wa st                 UTC
 2  0      0 2775144  29080 712756    0    0     0 105920 42732 15631 34 28 37  2  0 2026-09-22 10:47:47
 1  0      0 2771160  29080 715064    0    0     0 29476 42690 15629 33 26 41  0  0 2026-09-22 10:47:48
 0  0      0 2770148  29080 720280    0    0     0 27812 41199 15720 28 26 45  0  1 2026-09-22 10:47:49
 2  0      0 2762844  29080 728416    0    0     0 27600 44812 16007 30 27 42  0  0 2026-09-22 10:47:50
 2  0      0 2753000  29128 729968    0    0     0 41244 46286 15111 34 28 37  1  0 2026-09-22 10:47:51
 2  0      0 2749668  29128 729484    0    0     0 32580 43423 15506 29 31 40  0  0 2026-09-22 10:47:52
 0  0      0 2768820  29128 730368    0    0     0 11372 22384 6525 16 12 73  0  0 2026-09-22 10:47:53
 0  0      0 2762808  29128 730268    0    0     0     8  222  272  2  1 97  0  0 2026-09-22 10:47:54
