procs -----------memory---------- ---swap-- -----io---- -system-- ------cpu----- -----timestamp-----
 r  b   swpd   free   buff  cache   si   so    bi    bo   in   cs us sy id wa st                 UTC
 1  0      0 2520884  17608 683512    0    0  1052  1376 10862 8072 24 12 64  1  0 2026-09-22 10:46:44
 0  0      0 2520632  17608 683452    0    0     0     8  177  235  1  0 100  0  0 2026-09-22 10:46:45
 0  0      0 2511308  17608 683452    0    0     0     0 1291 1315  2  2 96  0  0 2026-09-22 10:46:46
 0  0      0 2510384  17608 683452    0    0     0  1064 5706 3663  4  1 96  0  0 2026-09-22 10:46:47
 2  0      0 2785504  17620 405944    0    0     0   112 1024 1211  2  6 92  0  0 2026-09-22 10:46:48
 0  0      0 2769664  17620 400476    0    0     0     0 3485 4925  4  3 94  0  0 2026-09-22 10:46:49
 0  0      0 2769664  17620 400476    0    0     0     0   36   52  0  0 100  0  0 2026-09-22 10:46:50
 0  0      0 2767648  17620 400644    0    0     0     8  928 1416  1  1 99  0  0 2026-09-22 10:46:51
 0  0      0 2767648  17620 400644    0    0     0     4   34   37  0  0 100  0  0 2026-09-22 10:46:52
 4  0      0 2730344  17636 404932    0    0     0  1724 28435 23507 26 13 60  0  0 2026-09-22 10:46:53
 4  0      0 2719264  17636 413656    0    0     0   772 45607 26130 55 22 22  0  0 2026-09-22 10:46:54
 5  0      0 2849516  17636 422264    0    0     0   816 47699 31164 57 23 20  0  0 2026-09-22 10:46:55
 4  0      0 3060748  17636 430524    0    0     0   520 47832 31477 55 23 22  0  0 2026-09-22 10:46:56
 5  0      0 3047712  17636 439180    0    0     0   684 45655 26495 61 19 19  0  1 2026-09-22 10:46:57
 3  0      0 3021556  17644 448080    0    0     0  1916 46792 28106 60 19 20  1  0 2026-09-22 10:46:58
 3  0      0 2999116  17644 457536    0    0     0   148 45018 23622 58 20 22  0  0 2026-09-22 10:46:59
 4  0      0 2968640  17644 466916    0    0     0   892 46162 25597 58 25 17  0  0 2026-09-22 10:47:00
 3  0      0 2944056  17644 475204    0    0     0   840 47128 28458 59 21 21  0  0 2026-09-22 10:47:01
 3  0      0 2917808  17644 484068    0    0     0  1076 47136 29129 55 25 20  0  0 2026-09-22 10:47:02
 3  0      0 2882448  17652 492968    0    0     0  2128 45688 24511 57 23 20  0  0 2026-09-22 10:47:03
 7  0      0 2851976  17652 501780    0    0     0  1288 45555 25733 56 24 20  0  0 2026-09-22 10:47:04
procs -----------memory---------- ---swap-- -----io---- -system-- ------cpu----- -----timestamp-----
 r  b   swpd   free   buff  cache   si   so    bi    bo   in   cs us sy id wa st                 UTC
 4  0      0 2823776  17652 510392    0    0     0  1700 45718 26744 59 24 17  0  0 2026-09-22 10:47:05
 5  0      0 2791556  17652 519056    0    0     0   728 46374 27469 56 23 21  0  0 2026-09-22 10:47:06
 5  0      0 2782288  17652 527764    0    0    16  1008 43731 23404 59 22 19  0  0 2026-09-22 10:47:07
 7  0      0 2750336  17660 536468    0    0     0  1520 45286 24538 61 21 19  0  0 2026-09-22 10:47:08
 5  0      0 2713568  17660 545352    0    0     8  3000 44365 24191 60 23 17  0  0 2026-09-22 10:47:09
 4  0      0 2702512  17660 553808    0    0     0  1552 45926 28316 56 24 20  0  0 2026-09-22 10:47:10
 5  0      0 2668000  17676 562252    0    0     0  1196 45589 29516 56 26 17  0  0 2026-09-22 10:47:11
 6  0      0 2644636  17676 570644    0    0     8  1348 44094 26843 56 22 21  0  0 2026-09-22 10:47:12
 4  0      0 2622688  17676 579136    0    0     0  1460 43100 24395 59 20 21  0  0 2026-09-22 10:47:13
 7  1      0 2585416  17676 587632    0    0     0  6252 45262 26742 57 20 23  0  0 2026-09-22 10:47:14
 2  0      0 2570940  17676 595956    0    0     0  4864 44715 28999 60 21 19  0  0 2026-09-22 10:47:15
 1  0      0 2541436  17688 604452    0    0    36  1468 45397 32125 52 27 22  0  0 2026-09-22 10:47:16
 2  0      0 2513344  17688 612696    0    0     0  1044 42604 28479 59 20 21  0  0 2026-09-22 10:47:17
 2  0      0 2492948  17860 623064    0    0  2244  1188 42893 29362 56 21 21  1  1 2026-09-22 10:47:18
 3  0      0 2461492  17860 631408    0    0     0 67268 44392 30696 56 23 21  1  0 2026-09-22 10:47:19
 2  0      0 2452272  17860 640100    0    0     0  1976 42322 27323 55 25 20  0  0 2026-09-22 10:47:20
 2  0      0 2421356  17860 648696    0    0     0   900 44371 30193 55 21 24  0  0 2026-09-22 10:47:21
 3  0      0 2395368  17860 657420    0    0     0  1152 43731 28432 58 22 20  0  0 2026-09-22 10:47:22
 4  0      0 2384880  17868 666984    0    0     0  1824 44311 28983 59 20 21  1  0 2026-09-22 10:47:23
 2  1      0 2336828  17868 675356    0    0     0 23052 44627 31336 58 24 18  0  0 2026-09-22 10:47:24
 2  0      0 2330712  17868 683624    0    0     0 111624 42146 24824 56 21 21  1  0 2026-09-22 10:47:25
procs -----------memory---------- ---swap-- -----io---- -system-- ------cpu----- -----timestamp-----
 r  b   swpd   free   buff  cache   si   so    bi    bo   in   cs us sy id wa st                 UTC
 0  0      0 2320232  17868 692384    0    0     0   940 41910 26355 55 24 22  0  0 2026-09-22 10:47:26
 3  0      0 2294352  17868 694964    0    0     0  1012 51695 43604 47 24 29  0  0 2026-09-22 10:47:27
 3  0      0 2266168  17880 695412    0    0     0  2248 49608 38852 52 22 26  0  0 2026-09-22 10:47:28
 3  0      0 2263560  17880 696128    0    0     0  4216 52109 44440 45 29 27  0  0 2026-09-22 10:47:29
 4  0      0 2260760  17880 696384    0    0     0  1208 52941 45822 45 28 27  0  0 2026-09-22 10:47:30
 0  0      0 2260012  17880 697168    0    0    12  1392 52546 42414 48 25 27  0  0 2026-09-22 10:47:31
 0  0      0 2235680  17880 697496    0    0     0  1128 52084 42826 43 29 28  0  0 2026-09-22 10:47:32
 1  0      0 2217336  17892 698116    0    0     0  1744 50783 40491 47 27 26  0  0 2026-09-22 10:47:33
 4  0      0 2216580  17892 698512    0    0     0  2080 53750 45453 42 26 32  0  0 2026-09-22 10:47:34
 2  0      0 2245880  17892 698932    0    0     0  2044 51932 43438 46 25 28  0  0 2026-09-22 10:47:35
 0  0      0 2242140  17892 699608    0    0     0  1092 52667 45008 47 23 30  0  0 2026-09-22 10:47:36
 3  0      0 2235840  17892 699988    0    0    44  1464 51857 41068 54 20 26  0  0 2026-09-22 10:47:37
 0  0      0 2224924  17900 700440    0    0     0  1684 51690 43077 51 23 26  0  1 2026-09-22 10:47:38
 3  0      0 2221728  17900 700660    0    0     0  1988 53727 44756 47 25 28  0  0 2026-09-22 10:47:39
 3  0      0 2219880  17900 701156    0    0     0  9248 53579 46491 44 26 29  1  0 2026-09-22 10:47:40
 0  0      0 2219128  17900 701592    0    0     0  1132 53359 44545 46 27 27  0  0 2026-09-22 10:47:41
 2  0      0 2217984  17900 702280    0    0     0  1304 50891 42042 48 23 29  0  0 2026-09-22 10:47:42
 2  0      0 2216500  17908 702744    0    0    16  2032 51134 40543 45 25 31  0  0 2026-09-22 10:47:43
 2  0      0 2215748  17908 703168    0    0     0  1252 52943 44765 50 24 26  0  0 2026-09-22 10:47:44
 1  0      0 2211492  17908 703652    0    0     0  5144 51228 41714 50 23 27  0  0 2026-09-22 10:47:45
 0  0      0 2208476  17908 703856    0    0     0  1600 52146 43905 41 30 30  0  0 2026-09-22 10:47:46
procs -----------memory---------- ---swap-- -----io---- -system-- ------cpu----- -----timestamp-----
 r  b   swpd   free   buff  cache   si   so    bi    bo   in   cs us sy id wa st                 UTC
 3  0      0 2206536  17908 704284    0    0     0  1156 51230 41103 49 25 26  0  0 2026-09-22 10:47:47
 0  0      0 2229948  17916 704820    0    0     0  1852 52787 46481 46 23 31  0  0 2026-09-22 10:47:48
 3  0      0 2220412  17916 705224    0    0     0   984 51654 41720 49 24 28  0  0 2026-09-22 10:47:49
 3  0      0 2217108  17916 705600    0    0     0 11648 52603 45280 52 21 26  0  0 2026-09-22 10:47:50
 1  0      0 2210732  17916 705952    0    0     0  2244 53501 46049 44 27 29  0  0 2026-09-22 10:47:51
 3  0      0 2205316  17916 706312    0    0    12   728 51441 41925 50 26 25  0  0 2026-09-22 10:47:52
 0  0      0 2210972  17928 706564    0    0     0  1088 21850 16904 20 11 70  0  0 2026-09-22 10:47:53
 0  0      0 2207700  17928 706564    0    0     0     0  169  214  1  1 99  0  0 2026-09-22 10:47:54
