procs -----------memory---------- ---swap-- -----io---- -system-- ------cpu----- -----timestamp-----
 r  b   swpd   free   buff  cache   si   so    bi    bo   in   cs us sy id wa st                 UTC
 0  0      0 12956112  96208 2568772    0    0    16   132  228  181  9  2 89  0  0 2026-09-22 09:50:51
 0  0      0 12928964  96208 2566664    0    0     0     0 2461 2460  2  2 97  0  0 2026-09-22 09:50:52
 0  0      0 12928964  96208 2566664    0    0     0     0   49   66  0  0 100  0  0 2026-09-22 09:50:53
 0  0      0 12928964  96208 2566664    0    0     0     0   40   40  0  0 100  0  0 2026-09-22 09:50:54
 0  0      0 12925940  96208 2566664    0    0     0     0 2195 2972  0  0 99  0  0 2026-09-22 09:50:55
 0  0      0 12925436  96208 2566664    0    0     0     0   68   65  0  0 100  0  0 2026-09-22 09:50:56
 0  0      0 12924176  96208 2566664    0    0     0    96 1255 1749  0  0 100  0  0 2026-09-22 09:50:57
 0  0      0 12924176  96208 2566664    0    0     0     0   41   38  0  0 100  0  0 2026-09-22 09:50:58
 5  0      0 12912616  96208 2566664    0    0     0     0 6285 7650  3  1 96  0  0 2026-09-22 09:50:59
 5  0      0 12866684  96208 2566484    0    0     0     0 65865 61227 37  5 58  0  0 2026-09-22 09:51:00
 2  0      0 12840168  96208 2566492    0    0     0     0 63627 57953 40  6 54  0  0 2026-09-22 09:51:01
 4  0      0 12807280  96208 2566632    0    0     0    48 66551 59416 40  5 55  0  0 2026-09-22 09:51:02
 2  0      0 12772176  96208 2567144    0    0     0     4 64994 58116 40  6 54  0  0 2026-09-22 09:51:03
 3  0      0 12741448  96208 2567524    0    0     0     0 66480 60040 41  5 54  0  0 2026-09-22 09:51:04
 2  0      0 12722160  96208 2567780    0    0     0    88 68229 61474 39  6 56  0  0 2026-09-22 09:51:05
 3  0      0 12700400  96208 2567924    0    0     0     0 66667 59206 40  7 53  0  0 2026-09-22 09:51:06
 2  0      0 12685932  96208 2568100    0    0     0    24 66979 60180 39  5 55  0  0 2026-09-22 09:51:07
 4  0      0 12675596  96208 2568300    0    0     0     0 66662 60840 40  5 55  0  0 2026-09-22 09:51:08
 2  0      0 12658736  96208 2568400    0    0     0     4 67295 60328 40  6 54  0  0 2026-09-22 09:51:09
 5  0      0 12648544  96208 2568564    0    0     0    84 69699 60739 39  6 54  0  0 2026-09-22 09:51:10
 2  0      0 12627716  96208 2568668    0    0     0     0 66547 59333 39  6 55  0  0 2026-09-22 09:51:11
procs -----------memory---------- ---swap-- -----io---- -system-- ------cpu----- -----timestamp-----
 r  b   swpd   free   buff  cache   si   so    bi    bo   in   cs us sy id wa st                 UTC
 2  0      0 12611144  96212 2568800    0    0     0    24 66440 59021 41  7 53  0  0 2026-09-22 09:51:12
 2  0      0 12595788  96212 2568988    0    0     0     0 66311 58215 43  7 51  0  0 2026-09-22 09:51:13
 2  0      0 12587304  96212 2569244    0    0     0     0 66454 60555 38  6 57  0  0 2026-09-22 09:51:14
 2  0      0 12570560  96212 2569388    0    0     0   220 65289 56171 42  6 51  0  0 2026-09-22 09:51:15
 5  0      0 12560732  96212 2569532    0    0     0     0 66058 57324 43  7 50  0  0 2026-09-22 09:51:16
 5  0      0 12547948  96212 2569704    0    0     0    24 67088 59408 40  8 52  0  0 2026-09-22 09:51:17
 2  0      0 12535820  96212 2569952    0    0     0     0 63020 53249 44  6 51  0  0 2026-09-22 09:51:18
 6  0      0 12522804  96212 2570092    0    0     0     0 67347 60194 39  7 54  0  0 2026-09-22 09:51:19
 3  0      0 12519024  96212 2570216    0    0     0   316 65136 56912 43  8 50  0  0 2026-09-22 09:51:20
 8  0      0 12512556  96212 2570412    0    0     0     4 65522 58442 40  7 53  0  0 2026-09-22 09:51:21
 6  0      0 12494668  96212 2570608    0    0     0  1676 65138 55511 44  5 50  0  0 2026-09-22 09:51:22
 4  0      0 12491224  96212 2570688    0    0     0     0 65145 58222 41  5 54  0  0 2026-09-22 09:51:23
 5  0      0 12489208  96212 2570760    0    0     0     0 65898 59736 39  6 55  0  0 2026-09-22 09:51:24
 5  0      0 12465520  96212 2570928    0    0     0   304 64662 53103 45  6 48  0  0 2026-09-22 09:51:25
 3  0      0 12463560  96212 2571060    0    0     0     0 65589 58664 39  5 55  0  0 2026-09-22 09:51:26
 8  0      0 12461824  96212 2571192    0    0     0    64 65724 58101 42  5 52  0  0 2026-09-22 09:51:27
 7  0      0 12457096  96212 2571256    0    0     0     0 63998 55390 47  6 47  0  0 2026-09-22 09:51:28
 3  0      0 12454324  96212 2571428    0    0     0     0 65893 59288 40  6 54  0  0 2026-09-22 09:51:29
 3  0      0 12450656  96212 2571572    0    0     0     0 66731 59796 39  7 54  0  0 2026-09-22 09:51:30
 6  0      0 12446792  96212 2571720    0    0     0     0 61219 52096 39  5 56  0  0 2026-09-22 09:51:31
 8  0      0 12435488  96212 2571752    0    0     0    16 63331 53931 43  6 51  0  0 2026-09-22 09:51:32
procs -----------memory---------- ---swap-- -----io---- -system-- ------cpu----- -----timestamp-----
 r  b   swpd   free   buff  cache   si   so    bi    bo   in   cs us sy id wa st                 UTC
 3  0      0 12435488  96212 2571792    0    0     0     4 66480 59695 42  7 51  0  0 2026-09-22 09:51:33
 1  0      0 12435488  96212 2571792    0    0     0     0 66513 60046 40  6 54  0  0 2026-09-22 09:51:34
 2  0      0 12436276  96212 2571736    0    0     0     0 66343 55367 46  7 47  0  0 2026-09-22 09:51:35
 4  0      0 12452664  96212 2571624    0    0     0     0 68849 61737 40  6 54  0  0 2026-09-22 09:51:36
 5  0      0 12455700  96216 2571488    0    0     0    16 66542 57495 44  7 50  0  0 2026-09-22 09:51:37
 8  0      0 12461500  96216 2571348    0    0     0     0 67557 62572 39  5 56  0  0 2026-09-22 09:51:38
 3  0      0 12462012  96216 2571184    0    0     0     4 62561 56106 43  6 51  0  0 2026-09-22 09:51:39
 5  0      0 12461508  96216 2571048    0    0     0     0 65741 61097 39  5 56  0  0 2026-09-22 09:51:40
 1  0      0 12461760  96216 2570992    0    0     0     0 63546 57653 43  6 51  0  0 2026-09-22 09:51:41
 6  0      0 12461512  96216 2570980    0    0     0    16 63939 58008 45  6 49  0  0 2026-09-22 09:51:42
 5  0      0 12461260  96216 2570956    0    0     0     0 64652 59761 40  6 54  0  0 2026-09-22 09:51:43
 4  0      0 12461008  96216 2570984    0    0     0     0 64739 58902 43  6 51  0  0 2026-09-22 09:51:44
 1  0      0 12461008  96216 2570988    0    0     0     4 64638 60637 40  5 55  0  0 2026-09-22 09:51:45
 2  0      0 12463124  96216 2570992    0    0     0     0 64142 58067 43  6 51  0  0 2026-09-22 09:51:46
 8  0      0 12463316  96216 2571028    0    0     0    16 64064 60618 40  7 53  0  0 2026-09-22 09:51:47
 3  0      0 12462812  96216 2571032    0    0     0     0 61972 57115 41  6 53  0  0 2026-09-22 09:51:48
 2  0      0 12462280  96216 2571036    0    0     0     0 64757 59791 42  7 51  0  0 2026-09-22 09:51:49
 1  0      0 12461552  96216 2571044    0    0     0     0 65251 60989 39  6 55  0  0 2026-09-22 09:51:50
 7  0      0 12460552  96216 2571076    0    0     0     4 63392 57171 46  5 49  0  0 2026-09-22 09:51:51
 3  0      0 12472132  96220 2571108    0    0     0    16 64316 57638 43  6 51  0  0 2026-09-22 09:51:52
 8  0      0 12471884  96220 2571140    0    0     0     0 56887 47515 40 22 38  0  0 2026-09-22 09:51:53
procs -----------memory---------- ---swap-- -----io---- -system-- ------cpu----- -----timestamp-----
 r  b   swpd   free   buff  cache   si   so    bi    bo   in   cs us sy id wa st                 UTC
 7  0      0 12476236  96220 2571156    0    0     0     0 54094 32354 42 35 23  0  0 2026-09-22 09:51:54
 8  0      0 12477716  96220 2571116    0    0     0     0 48613 32407 39 38 23  0  0 2026-09-22 09:51:55
 7  0      0 12485512  96220 2570968    0    0     0  1272 49786 36571 37 36 27  0  0 2026-09-22 09:51:56
 6  0      0 12490364  96220 2570868    0    0     0    36 49804 30684 39 38 23  0  0 2026-09-22 09:51:57
 1  0      0 12499660  96220 2570632    0    0     0    44 54645 36440 38 37 25  0  0 2026-09-22 09:51:58
 5  0      0 12508028  96220 2570600    0    0     0     0 47822 32281 39 36 25  0  0 2026-09-22 09:51:59
 0  0      0 12938492  96220 2569096    0    0     0     8 10424 9753 22  3 75  0  0 2026-09-22 09:52:00
 0  0      0 12937988  96220 2569096    0    0     0     0 1013  979  0  1 99  0  0 2026-09-22 09:52:01
 0  0      0 12937988  96220 2569096    0    0     0    68   53   68  0  0 100  0  0 2026-09-22 09:52:02
 0  0      0 12937988  96220 2569096    0    0     0     8   55   57  0  0 100  0  0 2026-09-22 09:52:03
 0  0      0 12937988  96220 2569096    0    0     0     0   28   30  0  0 100  0  0 2026-09-22 09:52:04
 0  0      0 12937988  96220 2569096    0    0     0   932  218  236  0  0 100  0  0 2026-09-22 09:52:05
 0  0      0 12937988  96220 2569096    0    0     0     0   49   55  0  0 100  0  0 2026-09-22 09:52:06
 0  0      0 12937988  96220 2569096    0    0     0     0   46   40  0  0 100  0  0 2026-09-22 09:52:07
 0  0      0 12937988  96220 2569096    0    0     0    36   32   30  0  0 100  0  0 2026-09-22 09:52:08
 0  0      0 12937988  96220 2569096    0    0     0     4  165   86  0  0 100  0  0 2026-09-22 09:52:09
 0  0      0 12937988  96220 2569096    0    0     0     0   33   40  0  0 100  0  0 2026-09-22 09:52:10
 0  0      0 12937988  96220 2569096    0    0     0     0  149   52  0  0 100  0  0 2026-09-22 09:52:11
 0  0      0 12937988  96220 2569096    0    0     0     0   26   29  0  0 100  0  0 2026-09-22 09:52:12
 0  0      0 12937988  96220 2569096    0    0     0     0  123   45  0  0 100  0  0 2026-09-22 09:52:13
 0  0      0 12937988  96220 2569096    0    0     0    12   50   46  0  0 100  0  0 2026-09-22 09:52:14
procs -----------memory---------- ---swap-- -----io---- -system-- ------cpu----- -----timestamp-----
 r  b   swpd   free   buff  cache   si   so    bi    bo   in   cs us sy id wa st                 UTC
 0  0      0 12937988  96220 2569096    0    0     0     4  168   62  0  0 100  0  0 2026-09-22 09:52:15
 0  0      0 12937988  96220 2569096    0    0     0     0   29   27  0  0 100  0  0 2026-09-22 09:52:16
 0  0      0 12937988  96220 2569096    0    0     0     0  144   50  0  0 100  0  0 2026-09-22 09:52:17
 0  0      0 12937988  96220 2569096    0    0     0     0   43   32  0  0 100  0  0 2026-09-22 09:52:18
 0  0      0 12937988  96220 2569096    0    0     0     0  167   56  0  0 100  0  0 2026-09-22 09:52:19
 0  0      0 12937988  96220 2569096    0    0     0    12   39   34  0  0 100  0  0 2026-09-22 09:52:20
 0  0      0 12937988  96220 2569096    0    0     0     4  148   59  0  0 100  0  0 2026-09-22 09:52:21
 0  0      0 12937988  96220 2569096    0    0     0     0   36   34  0  0 100  0  0 2026-09-22 09:52:22
 0  0      0 12937988  96220 2569096    0    0     0     0  104   68  0  0 100  0  0 2026-09-22 09:52:23
 0  0      0 12937988  96220 2569096    0    0     0     0   31   18  0  0 100  0  0 2026-09-22 09:52:24
 0  0      0 12937988  96220 2569096    0    0     0     0   45   41  0  0 100  0  0 2026-09-22 09:52:25
 0  0      0 12937988  96220 2569096    0    0     0    12  144   54  0  0 100  0  0 2026-09-22 09:52:26
 0  0      0 12937988  96220 2569096    0    0     0   104   49   48  0  0 100  0  0 2026-09-22 09:52:27
 0  0      0 12937988  96220 2569096    0    0     0     0  156   36  0  0 100  0  0 2026-09-22 09:52:28
 0  0      0 12937988  96220 2569096    0    0     0     0   34   31  0  0 100  0  0 2026-09-22 09:52:29
 0  0      0 12937988  96220 2569096    0    0     0     0   92   50  0  0 100  0  0 2026-09-22 09:52:30
 0  0      0 12937988  96220 2569096    0    0     0    12   50   44  0  0 100  0  0 2026-09-22 09:52:31
 0  0      0 12937988  96220 2569096    0    0     0    72  131   52  0  0 100  0  0 2026-09-22 09:52:32
 0  0      0 12937988  96220 2569096    0    0     0    64   49   43  0  0 100  0  0 2026-09-22 09:52:33
 0  0      0 12937988  96220 2569096    0    0     0     0  134   48  0  0 100  0  0 2026-09-22 09:52:34
 0  0      0 12937988  96220 2569096    0    0     0     0   31   36  0  0 100  0  0 2026-09-22 09:52:35
procs -----------memory---------- ---swap-- -----io---- -system-- ------cpu----- -----timestamp-----
 r  b   swpd   free   buff  cache   si   so    bi    bo   in   cs us sy id wa st                 UTC
 0  0      0 12946552  96220 2569096    0    0     0     0  112   32  0  0 100  0  0 2026-09-22 09:52:36
 0  0      0 12946300  96224 2569100    0    0     0    24   56   40  0  0 100  0  0 2026-09-22 09:52:37
 0  0      0 12946556  96224 2569100    0    0     0     0  131   50  0  0 100  0  0 2026-09-22 09:52:38
 0  0      0 12946556  96224 2569100    0    0     0     8   57   52  0  0 100  0  0 2026-09-22 09:52:39
