procs -----------memory---------- ---swap-- -----io---- -system-- ------cpu----- -----timestamp-----
 r  b   swpd   free   buff  cache   si   so    bi    bo   in   cs us sy id wa st                 UTC
 1  0      0 564460  88400 1514504    0    0    55  1880 1574 1804 13  2 83  1  0 2026-09-22 09:50:51
 0  0      0 564208  88400 1514404    0    0     0   844  364  650  0  1 99  1  0 2026-09-22 09:50:52
 0  1      0 564208  88400 1514404    0    0   128 10960 5990 10303  7  2 64 27  0 2026-09-22 09:50:53
 1  0      0 557152  88408 1517336    0    0     4 23640 12845 19888 13  7 58 22  0 2026-09-22 09:50:54
 0  0      0 536068  88408 1518632    0    0     0 34404 4269 7682 17  3 56 24  0 2026-09-22 09:50:55
 0  0      0 536068  88408 1518712    0    0     0   600 1187 1402  1  1 98  1  0 2026-09-22 09:50:56
 0  0      0 536068  88408 1518712    0    0     0   532  278  489  0  0 100  0  0 2026-09-22 09:50:57
 1  0      0 535816  88408 1518712    0    0     0  3656 1025 1592  1  0 95  5  0 2026-09-22 09:50:58
 0  0      0 535816  88408 1518736    0    0     0  3416  666 1238  0  0 96  4  0 2026-09-22 09:50:59
 0  3      0 534808  88408 1519848    0    0    16  5588 14150 16309 21  8 65  5  0 2026-09-22 09:51:00
 1  0      0 532792  88408 1521492    0    0     0  6712 19277 22356 31 12 52  5  0 2026-09-22 09:51:01
 2  0      0 530776  88408 1523188    0    0     0  2824 19119 22018 29 15 53  2  0 2026-09-22 09:51:02
 0  0      0 529268  88408 1524920    0    0     0 11488 20588 23395 36 13 48  3  0 2026-09-22 09:51:03
 5  0      0 527248  88408 1526752    0    0    16  1608 20124 22948 31 14 53  2  0 2026-09-22 09:51:04
 0  0      0 525484  88408 1528464    0    0     0  9996 19798 22105 34 13 50  2  0 2026-09-22 09:51:05
 3  0      0 523972  88408 1530172    0    0     0  1308 20449 23485 32 11 55  2  0 2026-09-22 09:51:06
 0  0      0 521956  88408 1531884    0    0     0  1368 19583 22129 32 12 55  1  0 2026-09-22 09:51:07
 1  0      0 520444  88408 1533728    0    0     0  1252 19544 21631 32 11 56  1  0 2026-09-22 09:51:08
 5  0      0 518680  88408 1535428    0    0     0  1336 19427 21838 32 12 55  1  0 2026-09-22 09:51:09
 1  0      0 516916  88408 1537124    0    0     0  1376 19813 22583 33 10 55  1  0 2026-09-22 09:51:10
 1  0      0 514900  88408 1538952    0    0    16  2380 20091 22944 33 10 55  2  0 2026-09-22 09:51:11
procs -----------memory---------- ---swap-- -----io---- -system-- ------cpu----- -----timestamp-----
 r  b   swpd   free   buff  cache   si   so    bi    bo   in   cs us sy id wa st                 UTC
 2  0      0 513640  88408 1540584    0    0     0  1260 18996 21325 32 10 57  1  0 2026-09-22 09:51:12
 4  0      0 511624  88408 1542160    0    0     0  1248 18149 19848 29  9 61  1  0 2026-09-22 09:51:13
 4  0      0 510364  88408 1543648    0    0     0  2020 18006 19534 27  9 63  1  0 2026-09-22 09:51:14
 5  0      0 508852  88408 1545156    0    0     0  9384 17076 18603 25  8 63  3  0 2026-09-22 09:51:15
12  0      0 507584  88408 1546604    0    0     0   792 17482 19214 25  8 66  1  0 2026-09-22 09:51:16
 2  0      0 506072  88408 1547976    0    0     0 34384 16608 17620 28  8 62  2  1 2026-09-22 09:51:17
 1  0      0 504560  88408 1549428    0    0     0  1860 17111 18863 24 10 65  1  0 2026-09-22 09:51:18
 5  0      0 503048  88408 1550872    0    0     0  2084 16211 17712 25 12 63  1  0 2026-09-22 09:51:19
 4  0      0 501536  88408 1552260    0    0     0  2356 16856 18280 25 10 63  1  0 2026-09-22 09:51:20
 2  0      0 500280  88408 1553676    0    0     0  1092 16739 18311 24 12 63  1  0 2026-09-22 09:51:21
 2  0      0 498768  88408 1555096    0    0     0  2048 16670 18343 28 11 61  1  0 2026-09-22 09:51:22
 2  0      0 497256  88408 1556508    0    0     0  1044 16378 17945 23 10 66  1  0 2026-09-22 09:51:23
 5  0      0 495996  88408 1557988    0    0     0  1052 17119 18408 28  9 62  1  0 2026-09-22 09:51:24
 6  0      0 494736  88408 1559368    0    0     0  2172 16051 17251 28 10 62  1  0 2026-09-22 09:51:25
 0  0      0 493224  88408 1560632    0    0     0  2032 15587 16794 22  9 68  1  0 2026-09-22 09:51:26
 2  0      0 491712  88408 1562056    0    0     0  1052 16333 17695 28 10 61  1  0 2026-09-22 09:51:27
 4  0      0 490448  88408 1563396    0    0     0  1052 15495 16631 24 10 66  1  0 2026-09-22 09:51:28
 0  0      0 488936  88408 1564872    0    0     0  1000 16410 17692 28  9 63  1  0 2026-09-22 09:51:29
 0  0      0 487676  88408 1566236    0    0     0   980 16101 17181 25 11 64  1  0 2026-09-22 09:51:30
 0  0      0 486416  88408 1567376    0    0     0  1040 13900 15459 23  6 71  1  0 2026-09-22 09:51:31
 0  0      0 485408  88408 1568384    0    0     0   920 13027 14310 19  8 72  0  0 2026-09-22 09:51:32
procs -----------memory---------- ---swap-- -----io---- -system-- ------cpu----- -----timestamp-----
 r  b   swpd   free   buff  cache   si   so    bi    bo   in   cs us sy id wa st                 UTC
 0  0      0 484400  88408 1569540    0    0     0   924 14131 15629 26  8 64  1  0 2026-09-22 09:51:33
 0  0      0 483392  88408 1570544    0    0     0   932 13135 14356 23  7 70  1  0 2026-09-22 09:51:34
 0  0      0 482132  88408 1571712    0    0     0  1972 13569 14747 23  8 68  1  0 2026-09-22 09:51:35
 0  0      0 481124  88408 1572836    0    0     0   912 13652 14954 23  7 70  1  0 2026-09-22 09:51:36
 1  0      0 480116  88408 1573868    0    0     0   872 13430 14418 21  7 71  1  0 2026-09-22 09:51:37
 0  0      0 478856  88408 1575040    0    0     0   620 13720 15043 20  8 71  1  0 2026-09-22 09:51:38
 0  0      0 477848  88408 1576052    0    0     0   652 12951 14291 21  7 72  1  0 2026-09-22 09:51:39
 0  0      0 476840  88408 1577204    0    0     0   660 13322 14506 20  6 73  1  0 2026-09-22 09:51:40
 1  0      0 475832  88408 1578196    0    0     0   708 13352 14747 23  9 67  1  0 2026-09-22 09:51:41
 1  0      0 474572  88408 1579344    0    0     0   648 13769 14840 25 10 64  0  0 2026-09-22 09:51:42
 0  0      0 473564  88408 1580344    0    0     0   616 13061 14218 23  8 68  0  0 2026-09-22 09:51:43
 0  0      0 472556  88408 1581484    0    0     0   624 13271 14329 23  8 69  0  0 2026-09-22 09:51:44
 1  0      0 471296  88408 1582504    0    0     0   596 12930 14031 20  9 71  1  0 2026-09-22 09:51:45
 3  0      0 470288  88408 1583536    0    0     0   636 12700 14004 19  7 74  1  0 2026-09-22 09:51:46
 0  0      0 469280  88408 1584584    0    0     0   880 13114 14168 21  6 72  1  0 2026-09-22 09:51:47
 0  0      0 468272  88408 1585588    0    0     0 38264 12691 14069 20  9 69  2  0 2026-09-22 09:51:48
 0  0      0 467264  88408 1586632    0    0     0   940 13103 14191 21  8 70  1  0 2026-09-22 09:51:49
 0  0      0 466256  88408 1587608    0    0     0   832 12242 13428 21  7 73  0  0 2026-09-22 09:51:50
 0  0      0 464996  88408 1588656    0    0     0   868 13276 14401 26  6 67  1  0 2026-09-22 09:51:51
 0  0      0 464240  88408 1589736    0    0     0  1908 12727 13959 20 10 69  0  0 2026-09-22 09:51:52
 1  0      0 463232  88408 1590700    0    0     0   856 12032 13371 21  7 72  1  0 2026-09-22 09:51:53
procs -----------memory---------- ---swap-- -----io---- -system-- ------cpu----- -----timestamp-----
 r  b   swpd   free   buff  cache   si   so    bi    bo   in   cs us sy id wa st                 UTC
 0  0      0 462224  88408 1591520    0    0     0   856 11072 12484 21  6 73  0  0 2026-09-22 09:51:54
 1  0      0 461468  88408 1592308    0    0     0   924 11037 12667 18  7 75  1  0 2026-09-22 09:51:55
 0  0      0 460460  88408 1593256    0    0     0   856 11259 12735 21  7 73  0  0 2026-09-22 09:51:56
 3  0      0 459956  88408 1594024    0    0     0   560 10296 11671 16  6 77  1  0 2026-09-22 09:51:57
 1  0      0 458948  88408 1594756    0    0     0   608 10760 12284 18  5 77  0  0 2026-09-22 09:51:58
 0  0      0 458196  88408 1595616    0    0     0  1676 11545 12778 20  6 74  1  0 2026-09-22 09:51:59
 0  0      0 457944  88408 1595932    0    0     0   436 2610 3248  4  1 95  0  0 2026-09-22 09:52:00
 0  0      0 457944  88408 1595932    0    0     0   368  589 1001  1  0 99  1  0 2026-09-22 09:52:01
 0  0      0 456936  88408 1595932    0    0     0   320  320  548  0  1 99  0  0 2026-09-22 09:52:02
 0  1      0 456936  88408 1595936    0    0     0  4400  549 1094  0  0 95  5  0 2026-09-22 09:52:03
 0  2      0 456936  88408 1595936    0    0     0  6844  780 1542  0  0 91  8  0 2026-09-22 09:52:04
 0  1      0 456936  88408 1595936    0    0     0  7000  799 1566  1  1 91  8  0 2026-09-22 09:52:05
 0  2      0 456936  88408 1595936    0    0     0  6968  820 1612  0  1 91  8  0 2026-09-22 09:52:06
 0  1      0 456936  88408 1595936    0    0     0  7404  842 1617  0  0 91  9  0 2026-09-22 09:52:07
 0  2      0 456936  88408 1595936    0    0     0  7340  797 1573  0  1 91  8  0 2026-09-22 09:52:08
 0  2      0 456936  88408 1595936    0    0     0  7068  782 1554  0  0 91  9  0 2026-09-22 09:52:09
 0  2      0 456936  88408 1595936    0    0     0  5772  684 1344  0  0 93  7  0 2026-09-22 09:52:10
 0  2      0 456936  88408 1595936    0    0     0  5280  834 1570  1  1 92  6  0 2026-09-22 09:52:11
 0  0      0 456936  88408 1595936    0    0     0   184  286  485  0  0 100  1  0 2026-09-22 09:52:12
 0  2      0 456936  88408 1595936    0    0     0  4252  655 1203  0  0 95  5  0 2026-09-22 09:52:13
 0  0      0 456936  88408 1595940    0    0     0  2012  420  765  0  0 98  2  0 2026-09-22 09:52:14
procs -----------memory---------- ---swap-- -----io---- -system-- ------cpu----- -----timestamp-----
 r  b   swpd   free   buff  cache   si   so    bi    bo   in   cs us sy id wa st                 UTC
 0  0      0 456936  88408 1595940    0    0     0   400  278  456  0  0 98  0  0 2026-09-22 09:52:15
 0  0      0 456936  88408 1595940    0    0     0    44  263  402  0  0 100  0  0 2026-09-22 09:52:16
 0  0      0 456936  88408 1595940    0    0     0     0  220  379  0  1 100  0  0 2026-09-22 09:52:17
 0  0      0 456936  88408 1595940    0    0     0    12  247  387  0  0 100  0  0 2026-09-22 09:52:18
 0  0      0 456936  88408 1595940    0    0     0 10616  303  470  0  0 99  1  0 2026-09-22 09:52:19
 0  0      0 456936  88408 1595940    0    0     0     0  224  377  0  1 100  0  0 2026-09-22 09:52:20
 0  0      0 456936  88408 1595940    0    0     0   376  465  764  0  0 99  1  0 2026-09-22 09:52:21
 0  0      0 456936  88408 1595940    0    0     0     0  268  443  0  0 100  0  0 2026-09-22 09:52:22
 0  0      0 456936  88408 1595940    0    0     0    24  240  401  1  0 100  0  0 2026-09-22 09:52:23
 0  0      0 456936  88408 1595940    0    0     0     8  239  394  0  0 100  0  0 2026-09-22 09:52:24
 0  0      0 456936  88408 1595940    0    0     0     0  232  388  0  0 100  0  0 2026-09-22 09:52:25
 0  0      0 456936  88408 1595940    0    0     0    32  248  398  0  0 100  0  0 2026-09-22 09:52:26
 0  0      0 456936  88408 1595940    0    0     0     0  227  383  0  0 100  0  0 2026-09-22 09:52:27
 0  0      0 456936  88408 1595940    0    0     0    16  232  389  1  0 100  0  0 2026-09-22 09:52:28
 0  0      0 456936  88408 1595940    0    0     0     0  245  399  0  0 100  0  0 2026-09-22 09:52:29
 0  0      0 456936  88408 1595940    0    0     0     8  233  390  0  0 100  0  0 2026-09-22 09:52:30
 0  0      0 456936  88408 1595940    0    0     0   304  465  774  0  0 99  1  0 2026-09-22 09:52:31
 0  0      0 456936  88408 1595940    0    0     0   208  291  468  0  0 100  0  0 2026-09-22 09:52:32
 0  0      0 456936  88408 1595940    0    0     0     0  232  384  0  0 100  0  0 2026-09-22 09:52:33
 0  0      0 456936  88408 1595940    0    0     0     8  243  401  0  0 100  0  0 2026-09-22 09:52:34
 0  0      0 456936  88408 1595940    0    0     0     0  233  389  1  0 100  0  0 2026-09-22 09:52:35
procs -----------memory---------- ---swap-- -----io---- -system-- ------cpu----- -----timestamp-----
 r  b   swpd   free   buff  cache   si   so    bi    bo   in   cs us sy id wa st                 UTC
 0  0      0 456936  88408 1595940    0    0     0     8  227  393  0  0 100  0  0 2026-09-22 09:52:36
 0  0      0 456936  88408 1595940    0    0     0    24  244  406  1  0 100  0  0 2026-09-22 09:52:37
 0  0      0 456936  88408 1595940    0    0     0     0  246  401  0  1 100  0  0 2026-09-22 09:52:38
 0  0      0 456936  88408 1595944    0    0     0     0  231  393  0  0 100  0  0 2026-09-22 09:52:39
 0  0      0 452652  88408 1595944    0    0     0     0  412  619  1  1 98  0  0 2026-09-22 09:52:40
