procs -----------memory---------- ---swap-- -----io---- -system-- ------cpu----- -----timestamp-----
 r  b   swpd   free   buff  cache   si   so    bi    bo   in   cs us sy id wa st                 UTC
 1  0      0 2506376  18392 704300    0    0   470  1253 9584 7187 21 10 69  1  0 2026-09-22 10:52:29
 0  0      0 2505116  18392 704244    0    0     0     0  151  209  1  0 99  0  0 2026-09-22 10:52:30
 1  0      0 2489744  18392 704244    0    0     0     0  436  495  2  1 97  0  0 2026-09-22 10:52:31
 0  0      0 2489072  18404 704232    0    0     0   140 4783 4433  3  2 94  0  0 2026-09-22 10:52:32
 0  0      0 2488848  18404 704244    0    0     0     0  467  319  2  1 97  0  0 2026-09-22 10:52:33
 0  0      0 2749388  18404 425172    0    0     0     8 4236 6291  4  7 89  0  0 2026-09-22 10:52:34
 0  0      0 2749388  18404 425172    0    0     0     0   52   66  0  0 100  0  0 2026-09-22 10:52:35
 0  0      0 2748128  18404 425172    0    0     0     0 1014 1632  1  1 99  0  0 2026-09-22 10:52:36
 0  0      0 2748128  18404 425256    0    0     0     0   49   45  0  0 100  0  0 2026-09-22 10:52:37
 3  0      0 2699164  18420 429412    0    0     0  1708 22556 15153 24 12 63  1  0 2026-09-22 10:52:38
 3  0      0 2679536  18420 437712    0    0     0  1752 45103 26012 55 26 19  0  0 2026-09-22 10:52:39
 2  0      0 2748948  18420 446848    0    0     0   776 48406 30784 58 22 20  0  0 2026-09-22 10:52:40
 2  0      0 2913788  18420 455672    0    0     0   916 45946 28089 56 23 21  0  0 2026-09-22 10:52:41
 3  0      0 2969236  18420 464764    0    0     0   636 45858 25283 61 20 19  0  0 2026-09-22 10:52:42
 3  0      0 2946888  18428 473696    0    0     0   832 46639 28100 59 22 19  0  0 2026-09-22 10:52:43
 0  0      0 2970304  18428 482268    0    0     0   440 47205 26597 60 20 20  0  0 2026-09-22 10:52:44
 2  0      0 2940708  18428 491244    0    0     0   484 46144 23902 60 22 18  0  0 2026-09-22 10:52:45
 1  0      0 2913640  18428 500632    0    0     0   936 46533 24980 59 23 18  0  0 2026-09-22 10:52:46
 2  0      0 2889208  18428 509300    0    0     0   968 47560 28729 53 26 21  0  0 2026-09-22 10:52:47
 3  0      0 2856056  18436 518208    0    0     0   936 48019 30327 55 25 20  0  0 2026-09-22 10:52:48
 3  0      0 2826456  18436 526680    0    0     0  3188 46585 27552 57 23 20  0  0 2026-09-22 10:52:49
procs -----------memory---------- ---swap-- -----io---- -system-- ------cpu----- -----timestamp-----
 r  b   swpd   free   buff  cache   si   so    bi    bo   in   cs us sy id wa st                 UTC
 5  0      0 2795976  18436 535408    0    0     0   788 46872 27707 59 21 19  0  0 2026-09-22 10:52:50
 4  0      0 2778816  18436 544744    0    0     0   616 46039 26568 57 23 21  0  0 2026-09-22 10:52:51
 4  0      0 2751708  18436 553688    0    0     0  1032 46100 26362 61 22 17  0  0 2026-09-22 10:52:52
 4  0      0 2715912  18444 562424    0    0    24  1524 45465 26067 60 21 19  0  0 2026-09-22 10:52:53
 3  0      0 2687560  18444 571364    0    0     0  1056 46654 28470 57 22 20  0  0 2026-09-22 10:52:54
 5  0      0 2671700  18444 580080    0    0     0  1644 46808 30362 59 19 22  0  0 2026-09-22 10:52:55
 5  0      0 2636516  18444 588548    0    0     8  1052 44305 28043 57 24 19  0  0 2026-09-22 10:52:56
 4  0      0 2626268  18444 597144    0    0     0  1324 46095 30395 56 22 22  0  0 2026-09-22 10:52:57
 4  0      0 2586976  18452 605876    0    0     0  1920 41687 21542 59 20 21  0  0 2026-09-22 10:52:58
 3  0      0 2577164  18452 614376    0    0     4  2552 45479 31236 56 20 24  0  0 2026-09-22 10:52:59
 4  0      0 2536464  18452 622976    0    0     0  1096 44037 27762 55 25 20  0  0 2026-09-22 10:53:00
 5  0      0 2528040  18452 631348    0    0     0  1436 44536 28163 55 24 21  0  0 2026-09-22 10:53:01
 5  0      0 2484984  18452 639752    0    0     0   908 44396 30730 55 21 24  0  0 2026-09-22 10:53:02
 4  0      0 2476512  18460 648372    0    0     0  1904 43366 29774 53 22 25  1  0 2026-09-22 10:53:03
 3  0      0 2449120  18460 656740    0    0     0  1004 45898 30367 53 24 23  0  0 2026-09-22 10:53:04
 6  0      0 2423680  18460 665700    0    0     0  5224 43848 29886 56 25 19  0  0 2026-09-22 10:53:05
 4  0      0 2414868  18460 674000    0    0     0   928 47938 34850 56 23 21  0  0 2026-09-22 10:53:06
 5  0      0 2368356  18460 682440    0    0     0  1464 43765 28548 58 22 21  0  0 2026-09-22 10:53:07
 4  0      0 2359052  18468 690952    0    0     0  1420 45796 34674 57 21 22  0  0 2026-09-22 10:53:08
 5  0      0 2344992  18468 700556    0    0     0   796 43138 25105 59 20 22  0  0 2026-09-22 10:53:09
 8  0      0 2294944  18468 708476    0    0     0 56920 42958 26172 54 26 20  1  0 2026-09-22 10:53:10
procs -----------memory---------- ---swap-- -----io---- -system-- ------cpu----- -----timestamp-----
 r  b   swpd   free   buff  cache   si   so    bi    bo   in   cs us sy id wa st                 UTC
 5  0      0 2285140  18468 716704    0    0     0  1804 45796 34343 55 22 24  0  0 2026-09-22 10:53:11
 5  3      0 2280024  18472 717964    0    0     0  1848 53488 45468 46 26 27  0  0 2026-09-22 10:53:12
 5  0      0 2268428  18476 718424    0    0     0  1328 52028 44836 47 25 28  1  0 2026-09-22 10:53:13
 3  0      0 2228148  18476 718820    0    0     0  1136 50817 41191 44 27 30  0  0 2026-09-22 10:53:14
 2  0      0 2227648  18476 719072    0    0     0 185352 54379 47008 49 28 19  4  0 2026-09-22 10:53:15
 3  0      0 2226928  18476 719528    0    0     0  1568 52294 44019 47 25 28  0  0 2026-09-22 10:53:16
 6  1      0 2228776  18484 720040    0    0     0  2180 54573 47928 43 26 31  0  0 2026-09-22 10:53:17
 3  0      0 2224804  18488 720692    0    0     0  1128 52765 44909 50 23 27  0  0 2026-09-22 10:53:18
 2  0      0 2202992  18488 721024    0    0     0  1264 51670 39865 45 27 28  0  0 2026-09-22 10:53:19
 3  0      0 2193952  18488 721468    0    0     0 11376 53209 46072 40 31 28  1  0 2026-09-22 10:53:20
 1  0      0 2213900  18488 721888    0    0     0  1600 52005 43606 45 26 29  0  0 2026-09-22 10:53:21
 2  1      0 2206240  18496 722504    0    0     0  2276 53987 47330 46 25 29  0  0 2026-09-22 10:53:22
 3  0      0 2196084  18496 722844    0    0     0  1312 54100 46661 48 26 27  0  0 2026-09-22 10:53:23
 2  0      0 2188016  18496 723452    0    0     0  1036 52415 43999 49 22 29  0  0 2026-09-22 10:53:24
 2  0      0 2186848  18496 723852    0    0     0  5488 55106 47225 48 23 28  1  0 2026-09-22 10:53:25
 3  0      0 2215884  18496 724188    0    0     0  1004 53406 46226 46 25 29  0  0 2026-09-22 10:53:26
 1  0      0 2214780  18504 724848    0    0     0  2344 52844 45882 48 23 29  0  0 2026-09-22 10:53:27
 3  0      0 2210704  18504 725216    0    0     0  1248 51092 43349 48 24 28  0  0 2026-09-22 10:53:28
 0  0      0 2203496  18504 725636    0    0     0  1508 51410 40949 49 26 24  0  0 2026-09-22 10:53:29
 5  0      0 2203536  18504 726196    0    0     0   908 53250 47779 45 26 29  0  0 2026-09-22 10:53:30
 2  0      0 2203080  18504 726680    0    0     0  1532 51782 44793 43 26 31  0  0 2026-09-22 10:53:31
procs -----------memory---------- ---swap-- -----io---- -system-- ------cpu----- -----timestamp-----
 r  b   swpd   free   buff  cache   si   so    bi    bo   in   cs us sy id wa st                 UTC
 5  0      0 2201440  18512 727136    0    0     0  2116 53352 45362 42 26 31  1  0 2026-09-22 10:53:32
 0  0      0 2194216  18512 727568    0    0     0  1064 49370 40710 47 25 28  0  0 2026-09-22 10:53:33
 3  0      0 2193528  18512 728456    0    0     0  1288 52889 45582 46 28 26  0  0 2026-09-22 10:53:34
 0  0      0 2186288  18512 728724    0    0     0  4236 50884 39809 46 25 29  0  0 2026-09-22 10:53:35
 2  0      0 2204244  18512 729208    0    0     0   912 52593 45228 47 22 30  0  1 2026-09-22 10:53:36
 5  0      0 2191096  18520 729516    0    0     0  1676 52545 44357 49 23 28  0  0 2026-09-22 10:53:37
 0  0      0 2189308  18520 729640    0    0     0   432 26001 21255 22 12 67  0  0 2026-09-22 10:53:38
 0  0      0 2187292  18520 729640    0    0     0     0   82   78  0  1 99  0  0 2026-09-22 10:53:39
