procs -----------memory---------- ---swap-- -----io---- -system-- ------cpu----- -----timestamp-----
 r  b   swpd   free   buff  cache   si   so    bi    bo   in   cs us sy id wa st                 UTC
 1  0      0 1351680  98544 1571000    0    0    88  1315 3196 5402 25  8 65  3  0 2026-09-22 09:15:22
 0  0      0 1351428  98544 1570988    0    0     0    68  323  550  0  0 100  0  0 2026-09-22 09:15:23
 0  0      0 1339332  98544 1570988    0    0     0    68 1070 1136  2  2 96  1  0 2026-09-22 09:15:24
 0  0      0 1338212  98544 1570988    0    0     0     8 5839 4461  3  1 96  0  0 2026-09-22 09:15:25
 0  0      0 1337988  98544 1570988    0    0     0     0 2083 2376  5  2 94  0  0 2026-09-22 09:15:26
 0  0      0 1335972  98544 1570988    0    0     0     0 8890 14707  3  3 94  0  0 2026-09-22 09:15:27
 0  0      0 1335972  98544 1570988    0    0     0     0  218  392  0  0 100  0  0 2026-09-22 09:15:28
 0  0      0 1334460  98544 1570988    0    0     0     0 2171 3394  1  1 98  0  0 2026-09-22 09:15:29
 0  0      0 1334208  98544 1571124    0    0     0    20  357  539  0  0 99  0  0 2026-09-22 09:15:30
 2  0      0 1284608  98544 1571124    0    0     0    20 20600 17765 16  8 76  0  0 2026-09-22 09:15:31
 3  0      0 1173784  98544 1571128    0    0     0     0 52614 22705 55 22 24  0  0 2026-09-22 09:15:32
 0  0      0 1278684  98544 1571128    0    0     0    36 56462 32213 51 24 25  0  0 2026-09-22 09:15:33
 2  0      0 1345948  98544 1571128    0    0     0     0 56906 25985 56 20 23  0  1 2026-09-22 09:15:34
 2  0      0 1552624  98544 1571128    0    0     0    60 55487 27953 55 21 23  0  0 2026-09-22 09:15:35
 2  0      0 1552348  98544 1571128    0    0     0     0 55955 28148 54 21 24  0  0 2026-09-22 09:15:36
 2  0      0 1551876  98544 1571128    0    0     0     8 56218 30329 57 21 22  0  0 2026-09-22 09:15:37
 3  0      0 1551420  98544 1571128    0    0     0     0 55763 29971 56 19 25  0  0 2026-09-22 09:15:38
 4  0      0 1548292  98544 1571128    0    0     0     0 55072 25513 58 19 23  0  0 2026-09-22 09:15:39
 3  0      0 1546052  98544 1571128    0    0     0    12 56061 27850 52 23 25  0  0 2026-09-22 09:15:40
 3  0      0 1545164  98544 1571128    0    0     0     0 55863 26681 54 21 25  0  0 2026-09-22 09:15:41
 4  0      0 1541240  98544 1571128    0    0     0     0 56184 31707 53 22 25  0  0 2026-09-22 09:15:42
procs -----------memory---------- ---swap-- -----io---- -system-- ------cpu----- -----timestamp-----
 r  b   swpd   free   buff  cache   si   so    bi    bo   in   cs us sy id wa st                 UTC
 3  0      0 1530084  98544 1571132    0    0     0    12 54155 30168 52 19 29  0  0 2026-09-22 09:15:43
 5  0      0 1517956  98544 1571132    0    0     0     0 54832 37338 50 19 30  0  0 2026-09-22 09:15:44
 4  0      0 1507928  98544 1571132    0    0     0  3564 55513 38983 51 20 28  1  0 2026-09-22 09:15:45
 4  0      0 1498108  98544 1571132    0    0     0     0 56106 38605 49 22 30  0  0 2026-09-22 09:15:46
 5  0      0 1485084  98544 1571132    0    0     0     0 53207 34224 47 22 31  0  0 2026-09-22 09:15:47
 3  0      0 1478332  98544 1571140    0    0     0     0 51150 35762 45 22 34  0  0 2026-09-22 09:15:48
 3  0      0 1461332  98544 1571248    0    0     0     8 52310 34446 51 19 30  0  0 2026-09-22 09:15:49
 2  0      0 1450720  98544 1571288    0    0     0   708 52966 30903 48 22 30  0  0 2026-09-22 09:15:50
 3  0      0 1437364  98544 1571304    0    0     0     0 52234 33586 48 21 32  0  0 2026-09-22 09:15:51
 2  0      0 1430308  98544 1571328    0    0     0     0 51689 32219 51 19 30  0  0 2026-09-22 09:15:52
 4  0      0 1421996  98544 1571420    0    0     0     0 53994 37978 48 22 30  0  0 2026-09-22 09:15:53
 3  0      0 1412932  98544 1571448    0    0     0     0 53999 39063 48 22 29  0  1 2026-09-22 09:15:54
 3  0      0 1399944  98544 1571640    0    0     0   112 53656 36923 49 24 27  0  0 2026-09-22 09:15:55
 5  0      0 1389196  98544 1571828    0    0     0     0 53749 37401 54 20 27  0  0 2026-09-22 09:15:56
 2  0      0 1368992  98544 1571856    0    0     0     0 52301 33308 54 18 28  0  0 2026-09-22 09:15:57
 3  0      0 1357844  98544 1571984    0    0     0     0 52188 34015 52 19 29  0  0 2026-09-22 09:15:58
 4  3      0 1346820  98544 1572040    0    0     0    32 51768 33414 49 21 30  0  0 2026-09-22 09:15:59
 2  0      0 1334832  98544 1572168    0    0     0     4 52927 36940 48 23 29  0  0 2026-09-22 09:16:00
 2  0      0 1330304  98544 1572220    0    0     0    16 54029 38547 49 21 29  0  0 2026-09-22 09:16:01
 1  0      0 1320672  98544 1572244    0    0     0     0 53124 37886 49 21 29  0  0 2026-09-22 09:16:02
 1  0      0 1307548  98544 1572272    0    0     0     0 53257 36777 53 19 29  0  0 2026-09-22 09:16:03
procs -----------memory---------- ---swap-- -----io---- -system-- ------cpu----- -----timestamp-----
 r  b   swpd   free   buff  cache   si   so    bi    bo   in   cs us sy id wa st                 UTC
 4  1      0 1292708  98544 1572460    0    0     0    44 54711 39818 45 27 28  0  0 2026-09-22 09:16:04
 0  0      0 1279604  98544 1572644    0    0     0    36 53835 38266 49 21 30  0  0 2026-09-22 09:16:05
 2  0      0 1265504  98544 1572672    0    0     0     0 52446 37004 48 22 30  0  0 2026-09-22 09:16:06
 2  0      0 1265504  98544 1572792    0    0     0    12 54298 41331 51 19 31  0  0 2026-09-22 09:16:07
 3  0      0 1252188  98544 1572848    0    0     0     0 52169 34754 51 19 30  0  0 2026-09-22 09:16:08
 2  0      0 1237576  98544 1572976    0    0     0    32 53185 38014 51 19 30  0  0 2026-09-22 09:16:09
 2  0      0 1237080  98544 1573032    0    0     0     0 51678 34024 50 19 30  0  0 2026-09-22 09:16:10
 2  0      0 1221248  98544 1573156    0    0     0     0 50921 34652 46 22 32  0  0 2026-09-22 09:16:11
 3  0      0 1204008  98544 1573208    0    0     0     0 52107 37501 50 21 30  0  0 2026-09-22 09:16:12
 0  0      0 1202896  98544 1573336    0    0     0     8 53190 38516 45 25 30  0  0 2026-09-22 09:16:13
 3  0      0 1184804  98544 1573392    0    0     0    24 53220 38887 45 24 31  0  0 2026-09-22 09:16:14
 2  0      0 1167460  98544 1573416    0    0     0    12 45296 33734 41 19 41  0  1 2026-09-22 09:16:15
 3  0      0 1164940  98544 1573560    0    0     0     0 53830 42559 47 23 30  0  0 2026-09-22 09:16:16
 2  0      0 1148552  98544 1573588    0    0     0     0 51536 33990 53 16 31  0  0 2026-09-22 09:16:17
 1  0      0 1148048  98544 1573716    0    0     0   748 54082 41853 51 18 30  0  0 2026-09-22 09:16:18
 0  0      0 1128964  98544 1573772    0    0     0    52 51937 37029 51 19 30  0  0 2026-09-22 09:16:19
 3  0      0 1128720  98544 1573896    0    0     0     0 52817 38459 50 17 33  0  0 2026-09-22 09:16:20
 2  0      0 1109564  98544 1573952    0    0     0  6584 53268 38559 52 18 29  1  0 2026-09-22 09:16:21
 4  0      0 1109052  98544 1574076    0    0     0     0 53271 40591 50 19 31  0  0 2026-09-22 09:16:22
 3  0      0 1090656  98544 1574132    0    0     0     0 54358 41374 48 23 29  0  0 2026-09-22 09:16:23
 2  0      0 1090148  98544 1574256    0    0     0    28 60042 45640 40 26 34  1  0 2026-09-22 09:16:24
procs -----------memory---------- ---swap-- -----io---- -system-- ------cpu----- -----timestamp-----
 r  b   swpd   free   buff  cache   si   so    bi    bo   in   cs us sy id wa st                 UTC
 3  0      0 1067568  98544 1574312    0    0     0    32 59309 48027 45 23 32  0  0 2026-09-22 09:16:25
 2  0      0 1067324  98544 1574444    0    0     0     0 61477 49590 48 20 33  0  0 2026-09-22 09:16:26
 3  0      0 1067092  98544 1574500    0    0     0     0 62405 50495 43 24 33  0  0 2026-09-22 09:16:27
 2  0      0 1058776  98544 1574632    0    0     0     0 60359 46423 42 25 33  0  0 2026-09-22 09:16:28
 4  0      0 1058536  98544 1574856    0    0     0    24 61173 49548 46 21 33  0  0 2026-09-22 09:16:29
 2  0      0 1057800  98544 1574920    0    0     0     0 58690 46890 44 20 36  0  0 2026-09-22 09:16:30
 0  0      0 1057556  98544 1575084    0    0     0    12 35217 30373 25 12 63  0  0 2026-09-22 09:16:31
 0  0      0 1057556  98544 1575084    0    0     0     0  223  375  0  0 100  0  0 2026-09-22 09:16:32
