procs -----------memory---------- ---swap-- -----io---- -system-- ------cpu----- -----timestamp-----
 r  b   swpd   free   buff  cache   si   so    bi    bo   in   cs us sy id wa st                 UTC
 1  0      0 3120668  17856 348896    0    0   116   475 10842 3059 25 10 65  0  0 2026-09-22 10:14:48
 0  0      0 3118176  17856 348888    0    0     0     0  583  942  2  2 96  0  0 2026-09-22 10:14:49
 0  0      0 3118176  17856 348896    0    0     0     0   58   51  0  0 100  0  0 2026-09-22 10:14:50
 0  0      0 3118176  17868 348896    0    0     0    96   45   53  0  1 100  0  0 2026-09-22 10:14:51
 0  0      0 3118176  17868 348896    0    0     0     4   62   67  0  0 100  0  0 2026-09-22 10:14:52
 0  0      0 3118176  17868 348912    0    0     0    16  948  496  1  1 98  0  0 2026-09-22 10:14:53
 0  0      0 3118176  17868 348912    0    0     0     0   37   41  0  0 100  0  0 2026-09-22 10:14:54
 1  0      0 3118176  17868 348912    0    0     0     0  560  400  0  0 100  0  0 2026-09-22 10:14:55
 1  0      0 3118176  17876 348932    0    0     0  1056  158  239  0  0 98  1  0 2026-09-22 10:14:56
 3  0      0 3116372  17876 349932    0    0     0     8 24781 8366 21 13 66  0  0 2026-09-22 10:14:57
 3  0      0 3114776  17876 352548    0    0     0     0 50424 15471 45 21 35  0  0 2026-09-22 10:14:58
 3  0      0 3110496  17876 355152    0    0     0     0 50749 15673 42 23 34  0  0 2026-09-22 10:14:59
 3  0      0 3107036  17876 357864    0    0     0     0 52752 15592 47 21 31  0  0 2026-09-22 10:15:00
 3  0      0 3101664  17884 360440    0    0     0    48 50954 14730 48 21 31  0  0 2026-09-22 10:15:01
 3  0      0 3098576  17884 362892    0    0     0   112 50385 15018 44 24 33  0  0 2026-09-22 10:15:02
 3  0      0 3096408  17884 365508    0    0     0     8 52284 14542 48 23 29  0  0 2026-09-22 10:15:03
 3  0      0 3091436  17884 367844    0    0     0     0 52594 14980 49 22 30  0  0 2026-09-22 10:15:04
 3  0      0 3087764  17884 370228    0    0     0     0 52782 15103 47 23 30  0  0 2026-09-22 10:15:05
 3  0      0 3089116  17892 372556    0    0     0    56 51842 14502 50 19 30  0  1 2026-09-22 10:15:06
 3  0      0 3086580  17892 374960    0    0     0  1996 52651 15212 49 22 28  1  0 2026-09-22 10:15:07
 2  0      0 3080620  17892 377240    0    0     0     0 51206 14016 49 21 29  0  0 2026-09-22 10:15:08
procs -----------memory---------- ---swap-- -----io---- -system-- ------cpu----- -----timestamp-----
 r  b   swpd   free   buff  cache   si   so    bi    bo   in   cs us sy id wa st                 UTC
 2  0      0 3077180  17892 379568    0    0     0 26480 52586 14511 48 23 28  1  0 2026-09-22 10:15:09
 1  2      0 3074224  17900 381988    0    0     0    72 52478 14303 50 23 27  0  0 2026-09-22 10:15:10
 3  0      0 3071960  17904 384380    0    0     0     4 50438 14054 49 21 29  0  0 2026-09-22 10:15:11
 3  0      0 3069952  17904 386636    0    0     0     0 50568 13227 50 22 29  0  0 2026-09-22 10:15:12
 4  0      0 3067684  17904 388948    0    0     0     0 50764 13623 51 23 26  0  0 2026-09-22 10:15:13
 3  0      0 3064016  17904 391436    0    0     0     0 51748 13028 54 22 24  0  0 2026-09-22 10:15:14
 2  1      0 3060184  17912 393636    0    0     0    48 50315 13433 50 23 27  0  0 2026-09-22 10:15:15
 3  0      0 3062316  17912 395888    0    0     0     0 50811 12857 52 23 25  0  0 2026-09-22 10:15:16
 3  0      0 3057172  17912 398264    0    0     0     0 52740 14188 52 22 26  0  0 2026-09-22 10:15:17
 1  0      0 3054228  17912 400452    0    0     0     0 49602 12623 48 25 27  0  0 2026-09-22 10:15:18
 2  0      0 3051776  17912 402716    0    0     0 22004 51012 12886 50 23 25  2  0 2026-09-22 10:15:19
 2  1      0 3048020  17924 404960    0    0     0    60 50273 12515 52 23 25  0  0 2026-09-22 10:15:20
 2  0      0 3045756  17924 407044    0    0     0    12 50297 12444 52 25 23  0  0 2026-09-22 10:15:21
 2  0      0 3043256  17924 409408    0    0     0     0 51451 13122 49 25 26  0  1 2026-09-22 10:15:22
 2  0      0 3040276  17924 411608    0    0     0     0 51553 13706 49 24 27  0  0 2026-09-22 10:15:23
 2  0      0 3036776  17924 413804    0    0     0 10704 48634 11591 53 23 24  0  0 2026-09-22 10:15:24
 2  0      0 3034012  17932 415928    0    0     0    64 49825 11922 52 24 24  1  0 2026-09-22 10:15:25
 2  0      0 3031360  17932 418212    0    0     0     0 51317 12742 55 21 24  0  0 2026-09-22 10:15:26
 2  0      0 3027024  17932 420452    0    0     0    12 49910 12408 55 23 23  0  0 2026-09-22 10:15:27
 2  0      0 3026628  17932 422664    0    0     0     0 50132 13011 51 22 27  0  0 2026-09-22 10:15:28
 2  0      0 3023896  17932 424760    0    0     0     0 50380 12200 53 22 24  0  0 2026-09-22 10:15:29
procs -----------memory---------- ---swap-- -----io---- -system-- ------cpu----- -----timestamp-----
 r  b   swpd   free   buff  cache   si   so    bi    bo   in   cs us sy id wa st                 UTC
 2  0      0 3020656  17940 427468    0    0     0    48 58870 18533 48 22 30  0  0 2026-09-22 10:15:30
 2  0      0 3017468  17940 430232    0    0     0     0 59588 19506 43 27 31  0  0 2026-09-22 10:15:31
 2  0      0 3014728  17940 432960    0    0     0     0 59167 18491 48 25 27  0  0 2026-09-22 10:15:32
 2  0      0 3010844  17940 435804    0    0     0    12 59544 19505 45 26 29  0  0 2026-09-22 10:15:33
 0  0      0 3039140  17940 438680    0    0     0     0 59606 18048 47 24 29  0  0 2026-09-22 10:15:34
 3  0      0 3036660  17948 441232    0    0     0    44 59589 19243 45 27 28  0  0 2026-09-22 10:15:35
 1  0      0 3039508  17948 444092    0    0     0    44 60754 19867 46 25 29  0  0 2026-09-22 10:15:36
 2  0      0 3034948  17948 447000    0    0     0     0 58535 18201 41 30 29  0  1 2026-09-22 10:15:37
 1  0      0 3028380  17948 449612    0    0     0     0 60120 19486 48 22 30  0  0 2026-09-22 10:15:38
 2  0      0 3024848  17948 452552    0    0     0     8 59740 18091 44 26 30  0  0 2026-09-22 10:15:39
 2  0      0 3022340  17956 455328    0    0     0    40 60901 19560 46 25 29  0  0 2026-09-22 10:15:40
 2  0      0 3019640  17956 458164    0    0     0     0 60808 18978 42 29 29  0  0 2026-09-22 10:15:41
 1  0      0 3016560  17956 460972    0    0     0     0 60633 19485 42 27 31  0  0 2026-09-22 10:15:42
 2  0      0 3013528  17956 463576    0    0     0     0 58699 18711 44 25 31  0  0 2026-09-22 10:15:43
 1  0      0 3010764  17956 466424    0    0     0     0 60075 19273 42 28 30  0  0 2026-09-22 10:15:44
 2  0      0 3008316  17964 468712    0    0     0    44 50924 18753 34 23 44  0  0 2026-09-22 10:15:45
 2  0      0 3002276  17964 471340    0    0     0     4 59091 19194 43 26 31  0  0 2026-09-22 10:15:46
 2  0      0 3002260  17964 474124    0    0     0     0 59834 18661 48 24 28  0  0 2026-09-22 10:15:47
 1  0      0 2994096  17964 476884    0    0     0     0 58673 19166 41 26 32  0  0 2026-09-22 10:15:48
 1  0      0 2989576  17964 479452    0    0     0     0 58411 18850 47 23 30  0  0 2026-09-22 10:15:49
 2  0      0 2986368  17972 482168    0    0     0    40 59552 19178 47 23 30  0  0 2026-09-22 10:15:50
procs -----------memory---------- ---swap-- -----io---- -system-- ------cpu----- -----timestamp-----
 r  b   swpd   free   buff  cache   si   so    bi    bo   in   cs us sy id wa st                 UTC
 2  0      0 2983320  17972 485176    0    0     0    12 61665 20456 44 26 31  0  0 2026-09-22 10:15:51
 2  0      0 2981616  17972 487768    0    0     0     0 58077 18462 44 26 29  0  0 2026-09-22 10:15:52
 1  0      0 2978332  17972 490456    0    0     0     0 59055 19096 45 26 30  0  0 2026-09-22 10:15:53
 2  0      0 2975488  17972 493096    0    0     0     0 58443 19220 44 25 32  0  0 2026-09-22 10:15:54
 2  0      0 2974068  17980 495696    0    0     0 78828 57852 18442 41 28 29  3  0 2026-09-22 10:15:55
 2  0      0 2965932  17980 498444    0    0     0    28 60187 20304 39 28 32  0  0 2026-09-22 10:15:56
 0  0      0 2986668  17980 494952    0    0     0     8 34272 8204 25 16 59  0  0 2026-09-22 10:15:57
 0  0      0 2986668  17980 494952    0    0     0     0   32   35  0  0 100  0  0 2026-09-22 10:15:58
 0  0      0 2986668  17980 494952    0    0     0     0   38   47  0  0 100  0  0 2026-09-22 10:15:59
 0  0      0 2986416  17980 494956    0    0     0  4988   69   63  0  1 100  0  0 2026-09-22 10:16:00
 0  0      0 2984660  17988 494956    0    0     0    48   86  111  0  0 100  1  0 2026-09-22 10:16:01
 0  0      0 2984660  17988 494960    0    0     0     0   47   40  0  0 100  0  0 2026-09-22 10:16:02
 0  0      0 2984660  17988 494960    0    0     0    16   44   51  0  1 100  0  0 2026-09-22 10:16:03
 0  0      0 2984660  17988 494960    0    0     0     0   45   45  0  0 100  0  0 2026-09-22 10:16:04
 0  0      0 2984660  17988 494960    0    0     0     0   32   42  0  0 100  0  0 2026-09-22 10:16:05
 0  0      0 2984660  17996 494960    0    0     0    64   55   49  0  0 100  0  0 2026-09-22 10:16:06
 0  0      0 2984660  17996 494960    0    0     0   208   60   65  0  0 100  0  0 2026-09-22 10:16:07
 0  0      0 2984660  17996 494960    0    0     0     0   35   37  0  0 100  0  0 2026-09-22 10:16:08
 0  0      0 2984660  17996 494960    0    0     0     8   49   52  0  0 100  0  0 2026-09-22 10:16:09
 0  0      0 2984660  17996 494960    0    0     0     0   42   37  0  1 100  0  0 2026-09-22 10:16:10
 0  0      0 2984660  18004 494952    0    0     0    12   38   49  0  0 100  0  0 2026-09-22 10:16:11
procs -----------memory---------- ---swap-- -----io---- -system-- ------cpu----- -----timestamp-----
 r  b   swpd   free   buff  cache   si   so    bi    bo   in   cs us sy id wa st                 UTC
 0  0      0 2984660  18004 494960    0    0     0    24   44   37  0  0 100  0  0 2026-09-22 10:16:12
 0  0      0 2984660  18004 494960    0    0     0     0   32   40  0  0 100  0  0 2026-09-22 10:16:13
 0  0      0 2984660  18004 494960    0    0     0     0   34   32  0  0 100  0  0 2026-09-22 10:16:14
 0  0      0 2984660  18004 494960    0    0     0     8   55   56  0  0 100  0  0 2026-09-22 10:16:15
 1  0      0 2955772  18012 494952    0    0     0    52 1184 1703 45 12 43  0  0 2026-09-22 10:16:16
