procs -----------memory---------- ---swap-- -----io---- -system-- ------cpu----- -----timestamp-----
 r  b   swpd   free   buff  cache   si   so    bi    bo   in   cs us sy id wa st                 UTC
 0  0      0 12952008  96384 2570352    0    0    13   107   55  684 11  2 87  0  0 2026-09-22 10:14:48
 1  0      0 12950688  96384 2568084    0    0     0     0 2363 2380  1  1 98  0  0 2026-09-22 10:14:49
 0  0      0 12932544  96384 2568096    0    0     0    88  449  355  1  0 99  0  0 2026-09-22 10:14:50
 0  0      0 12932544  96384 2568096    0    0     0     0   41   46  0  0 100  0  0 2026-09-22 10:14:51
 0  0      0 12930528  96384 2568096    0    0     0     0 2185 2946  0  0 100  0  0 2026-09-22 10:14:52
 0  0      0 12930528  96384 2568096    0    0     0     0   64   47  0  0 100  0  0 2026-09-22 10:14:53
 0  0      0 12929268  96384 2568096    0    0     0     4 1209 1659  0  0 100  0  0 2026-09-22 10:14:54
 0  0      0 12929268  96384 2568096    0    0     0     8   54   58  0  0 100  0  0 2026-09-22 10:14:55
 0  0      0 12928260  96384 2568096    0    0     0    32 1546 2008  0  0 99  0  0 2026-09-22 10:14:56
 8  0      0 12864272  96384 2567972    0    0     0     0 62961 59461 35  6 59  0  0 2026-09-22 10:14:57
 1  0      0 12841172  96384 2567988    0    0     0     0 64741 61142 38  6 56  0  0 2026-09-22 10:14:58
 4  0      0 12805092  96384 2567992    0    0     0     0 65694 59158 39  7 54  0  0 2026-09-22 10:14:59
 7  0      0 12773344  96384 2568372    0    0     0     4 66591 60275 41  6 53  0  0 2026-09-22 10:15:00
 2  0      0 12749996  96384 2568828    0    0     0  1976 66908 61357 39  6 55  0  0 2026-09-22 10:15:01
 4  0      0 12715300  96384 2569108    0    0     0    88 68402 61298 39  7 54  0  0 2026-09-22 10:15:02
 2  0      0 12704464  96384 2569260    0    0     0     0 69145 64715 38  7 55  0  0 2026-09-22 10:15:03
 2  0      0 12683660  96384 2569436    0    0     0     0 68911 62650 38  6 55  0  0 2026-09-22 10:15:04
 8  0      0 12668176  96384 2569604    0    0     0   256 67190 58780 44  6 50  0  0 2026-09-22 10:15:05
 1  0      0 12653392  96384 2569740    0    0     0    60 67707 60816 40  7 53  0  0 2026-09-22 10:15:06
 3  0      0 12638304  96384 2569808    0    0     0    88 69157 59842 43  6 50  0  0 2026-09-22 10:15:07
 8  0      0 12625036  96384 2569988    0    0     0     0 68526 62923 39  6 55  0  0 2026-09-22 10:15:08
procs -----------memory---------- ---swap-- -----io---- -system-- ------cpu----- -----timestamp-----
 r  b   swpd   free   buff  cache   si   so    bi    bo   in   cs us sy id wa st                 UTC
 5  0      0 12607648  96384 2570140    0    0     0     0 68802 60814 41  7 52  0  0 2026-09-22 10:15:09
 3  0      0 12588628  96384 2570324    0    0     0     0 67287 59010 44  7 50  0  0 2026-09-22 10:15:10
 1  0      0 12581964  96384 2570588    0    0     0    28 64894 56643 43  9 49  0  0 2026-09-22 10:15:11
 1  0      0 12579332  96384 2570768    0    0     0   248 66322 59120 43  7 50  0  0 2026-09-22 10:15:12
 5  0      0 12561836  96384 2570908    0    0     0     0 68012 60564 39  6 55  0  0 2026-09-22 10:15:13
 3  0      0 12552288  96384 2571088    0    0     0     0 66031 58318 42  7 51  0  0 2026-09-22 10:15:14
 2  0      0 12544808  96384 2571240    0    0     0     0 68579 62160 39  6 55  0  0 2026-09-22 10:15:15
 4  0      0 12520208  96384 2571436    0    0     0    24 67693 57620 43  6 51  0  0 2026-09-22 10:15:16
 4  0      0 12506964  96384 2571512    0    0     0     0 66984 60171 40  8 53  0  0 2026-09-22 10:15:17
 2  0      0 12497408  96384 2571684    0    0     0     4 65981 56739 44  8 48  0  0 2026-09-22 10:15:18
 8  0      0 12496148  96384 2571828    0    0     0     0 67039 60555 41  8 51  0  0 2026-09-22 10:15:19
 8  0      0 12494424  96384 2571940    0    0     0     0 66242 58859 42  7 52  0  0 2026-09-22 10:15:20
 1  0      0 12477540  96388 2572240    0    0     0   108 65425 54601 45  6 49  0  0 2026-09-22 10:15:21
 3  0      0 12461472  96388 2572304    0    0     0     0 69693 62474 43  7 50  0  0 2026-09-22 10:15:22
 2  0      0 12459512  96388 2572384    0    0     0     0 64314 55153 45  7 48  0  0 2026-09-22 10:15:23
 4  0      0 12458336  96388 2572560    0    0     0     8 65492 58368 41  7 52  0  0 2026-09-22 10:15:24
 3  0      0 12456096  96388 2572732    0    0     0     0 67754 61014 41  6 52  0  0 2026-09-22 10:15:25
 3  0      0 12446016  96392 2572804    0    0     0    24 64820 55120 46  6 48  0  0 2026-09-22 10:15:26
 6  0      0 12437032  96392 2573040    0    0     0   940 68158 61568 39  7 54  0  0 2026-09-22 10:15:27
 4  0      0 12436776  96392 2573112    0    0     0     0 65464 57551 42  5 52  0  0 2026-09-22 10:15:28
 8  0      0 12431512  96392 2573188    0    0     0     0 67621 59767 46  5 48  0  0 2026-09-22 10:15:29
procs -----------memory---------- ---swap-- -----io---- -system-- ------cpu----- -----timestamp-----
 r  b   swpd   free   buff  cache   si   so    bi    bo   in   cs us sy id wa st                 UTC
 8  0      0 12396740  96392 2573260    0    0     0     4 74481 66681 49  7 43  0  0 2026-09-22 10:15:30
 8  0      0 12396520  96392 2573332    0    0     0    24 72557 66012 48  7 45  0  0 2026-09-22 10:15:31
 2  0      0 12395792  96392 2573396    0    0     0     0 72872 67767 48  7 45  0  0 2026-09-22 10:15:32
 9  0      0 12395064  96392 2573476    0    0     0     0 71292 64835 51  6 44  0  0 2026-09-22 10:15:33
 2  0      0 12389776  96392 2573548    0    0     0     0 74359 69367 47  6 47  0  0 2026-09-22 10:15:34
 3  0      0 12389524  96392 2573620    0    0     0     0 71960 65537 51  7 42  0  0 2026-09-22 10:15:35
 3  0      0 12389024  96396 2573700    0    0     0    20 75088 71266 45  7 48  0  0 2026-09-22 10:15:36
 5  0      0 12388268  96396 2573776    0    0     0     0 70047 62363 51  7 42  0  0 2026-09-22 10:15:37
 3  0      0 12387512  96396 2573852    0    0     0   732 74462 70565 48  5 46  0  0 2026-09-22 10:15:38
 4  0      0 12387512  96396 2573924    0    0     0     0 72601 66796 51  6 43  0  0 2026-09-22 10:15:39
 8  0      0 12387260  96396 2573996    0    0     0     0 75522 71962 47  5 47  0  0 2026-09-22 10:15:40
 6  0      0 12387260  96396 2574072    0    0     0    24 71558 64715 52  6 42  0  0 2026-09-22 10:15:41
 1  0      0 12387260  96396 2574144    0    0     0     4 70643 63617 53  6 41  0  0 2026-09-22 10:15:42
 2  0      0 12386504  96396 2574216    0    0     0   380 74970 71256 47  8 45  0  0 2026-09-22 10:15:43
 2  0      0 12386504  96396 2574288    0    0     0     0 66133 59735 50  6 44  0  0 2026-09-22 10:15:44
 2  0      0 12386504  96396 2574348    0    0     0     0 66765 60393 49  6 45  0  0 2026-09-22 10:15:45
 4  0      0 12386504  96396 2574428    0    0     0    24 73142 67917 48  7 45  0  0 2026-09-22 10:15:46
 5  0      0 12386504  96396 2574504    0    0     0     0 71063 64230 51  7 42  0  0 2026-09-22 10:15:47
 3  0      0 12386000  96396 2574580    0    0     0   376 69735 63341 50  7 42  0  0 2026-09-22 10:15:48
 5  0      0 12385244  96396 2574652    0    0     0     0 69405 61756 53  7 41  0  0 2026-09-22 10:15:49
 1  0      0 12384828  96396 2574728    0    0     0     0 76779 74660 46  8 46  0  0 2026-09-22 10:15:50
procs -----------memory---------- ---swap-- -----io---- -system-- ------cpu----- -----timestamp-----
 r  b   swpd   free   buff  cache   si   so    bi    bo   in   cs us sy id wa st                 UTC
 5  0      0 12384356  96396 2574804    0    0     0    24 72047 66006 50  7 43  0  0 2026-09-22 10:15:51
 3  0      0 12384360  96396 2574876    0    0     0     0 72033 66359 52  6 42  0  0 2026-09-22 10:15:52
 3  0      0 12384356  96396 2574956    0    0     0   392 70374 63581 52  7 41  0  0 2026-09-22 10:15:53
 8  0      0 12384356  96396 2575032    0    0     0     4 72655 67959 50  7 43  0  0 2026-09-22 10:15:54
 2  0      0 12383852  96396 2575100    0    0     0     0 71533 66293 52  7 42  0  0 2026-09-22 10:15:55
 8  0      0 12383852  96396 2575180    0    0     0    24 73038 68994 50  7 42  0  0 2026-09-22 10:15:56
 0  0      0 12929972  96396 2571648    0    0     0   432 18980 11738 24  6 70  0  0 2026-09-22 10:15:57
 0  0      0 12934872  96396 2571632    0    0     0     0 1127 1162  0  1 99  0  0 2026-09-22 10:15:58
 0  0      0 12934620  96396 2571624    0    0     0     0   52   60  0  0 100  0  0 2026-09-22 10:15:59
 0  0      0 12934620  96396 2571624    0    0     0     8   49   46  0  0 100  0  0 2026-09-22 10:16:00
 0  0      0 12934120  96396 2571624    0    0     0     0  171   95  0  0 100  0  0 2026-09-22 10:16:01
 0  0      0 12934120  96400 2571624    0    0     0    72   67   64  0  0 100  0  0 2026-09-22 10:16:02
 0  0      0 12934120  96400 2571624    0    0     0     0   80   62  0  0 100  0  0 2026-09-22 10:16:03
 0  0      0 12934120  96400 2571624    0    0     0     0   32   32  0  0 100  0  0 2026-09-22 10:16:04
 0  0      0 12934120  96400 2571624    0    0     0     0   49   31  0  0 100  0  0 2026-09-22 10:16:05
 0  0      0 12934120  96400 2571624    0    0     0     4   39   34  0  0 100  0  0 2026-09-22 10:16:06
 0  0      0 12934120  96400 2571624    0    0     0     0  118   67  0  0 100  0  0 2026-09-22 10:16:07
 0  0      0 12934120  96400 2571624    0    0     0    12   49   44  0  0 100  0  0 2026-09-22 10:16:08
 0  0      0 12934120  96400 2571624    0    0     0     0  112   38  0  0 100  0  0 2026-09-22 10:16:09
 0  0      0 12934120  96400 2571624    0    0     0     0   28   32  0  0 100  0  0 2026-09-22 10:16:10
 0  0      0 12934120  96400 2571624    0    0     0     0  133   59  0  0 100  0  0 2026-09-22 10:16:11
procs -----------memory---------- ---swap-- -----io---- -system-- ------cpu----- -----timestamp-----
 r  b   swpd   free   buff  cache   si   so    bi    bo   in   cs us sy id wa st                 UTC
 0  0      0 12934120  96400 2571624    0    0     0     4   43   41  0  0 100  0  0 2026-09-22 10:16:12
 0  0      0 12934120  96400 2571624    0    0     0     0  131   53  0  0 100  0  0 2026-09-22 10:16:13
 0  0      0 12934120  96404 2571620    0    0     0    12   41   30  0  0 100  0  0 2026-09-22 10:16:14
 0  0      0 12932356  96404 2571628    0    0     0     0  325  264  0  0 100  0  0 2026-09-22 10:16:15
